3959 2
2.413795 -0.955657
2.346835 -1.037191
2.521998 -0.922078
2.588223 -0.904264
2.423241 -0.966677
2.321176 -1.044480
2.437268 -0.929809
2.315203 -1.058951
2.533582 -0.854506
2.663002 -0.865872
2.372506 -0.975105
2.282090 -1.028154
2.515632 -0.950367
2.431004 -1.004722
2.508820 -0.830123
2.484981 -1.002109
2.569742 -0.890282
1.516744 -0.545347
1.512045 -0.548459
1.518438 -0.560013
1.538015 -0.520801
1.521203 -0.559126
1.535309 -0.557241
1.531119 -0.540972
1.518934 -0.548218
1.550907 -0.555374
1.530358 -0.558660
2.530561 -0.868023
2.530703 -0.834645
2.472286 -0.783922
2.516721 -0.941544
2.413348 -0.665646
2.587682 -0.854144
2.585803 -0.887128
2.505614 -0.903970
2.546066 -0.929019
2.576437 -0.874399
2.538691 -0.889451
2.556612 -0.838379
2.533519 -0.830688
2.599286 -0.902969
2.590975 -0.871489
2.584385 -0.867049
1.419546 0.519731
1.487479 0.440517
1.420977 0.522479
1.416295 0.527424
1.417878 0.523952
1.444475 0.498898
1.422515 0.518925
1.423933 0.517365
1.428561 0.514322
1.425538 0.517305
2.434188 -0.951261
2.343695 -1.015381
2.530878 -0.901052
2.285200 -1.035090
2.316445 -1.044403
2.586954 -0.919937
2.482344 -0.916155
2.115606 -0.881977
2.461739 -0.948869
2.481606 -1.001833
2.510412 -0.877912
0.980153 -0.289317
1.012412 -0.287550
0.984491 -0.283512
1.019201 -0.290695
0.973277 -0.279907
0.998322 -0.288140
2.572984 -0.843747
4.275804 0.933530
2.568787 -0.941535
2.566038 -0.971344
2.549509 -0.859382
2.732945 -0.708169
2.645512 -0.923448
2.564757 -0.871847
2.516580 -0.861801
2.602035 -0.898310
2.569426 -0.804602
2.630062 -0.832828
2.606413 -0.856425
2.529529 -0.836056
2.538241 -0.873898
2.581684 -0.854267
1.281714 0.467832
1.362024 0.283800
1.317683 0.373024
1.282035 0.438204
1.278641 0.443004
1.273479 0.459994
1.301665 0.388272
1.426604 0.185427
2.517429 -0.800303
2.589467 -0.927107
2.481220 -0.921163
2.573072 -0.883833
2.572774 -0.873336
2.546736 -0.879890
2.572361 -0.885277
2.558721 -0.897724
2.590795 -0.933472
2.595631 -0.892871
2.512244 -0.942081
2.501972 -0.837596
2.488081 -0.872727
2.528826 -0.952953
2.582630 -0.928239
2.597112 -0.918217
2.640381 -0.865144
2.599885 -0.840209
2.557738 -0.844555
2.513750 -0.942667
2.589673 -0.888478
2.652781 -0.782526
2.447605 -0.978895
2.532334 -0.930103
2.650294 -0.884727
2.617290 -0.862898
2.560434 -0.888977
2.654925 -0.942535
2.512872 -0.908692
2.605191 -0.930932
2.517249 -0.925955
2.600256 -0.858734
2.572425 -0.940137
2.599175 -0.874156
2.497675 -0.833965
2.621692 -0.958300
2.560690 -0.889835
2.550760 -0.824025
2.549340 -0.869221
2.569331 -0.863410
2.568465 -0.865033
2.589639 -0.860338
2.551520 -0.861402
2.587710 -0.916555
2.569391 -0.849229
2.555660 -0.886175
2.549138 -0.939462
2.606889 -0.942447
2.593251 -0.873953
2.552737 -0.896561
2.653847 -0.810664
2.556952 -0.866898
1.528435 -0.563119
1.533545 -0.570613
1.544649 -0.570344
1.516981 -0.549012
1.537963 -0.552741
1.509428 -0.548465
1.538495 -0.552908
2.507578 -0.944433
2.536714 -0.869827
2.576162 -0.858006
1.516161 -0.588751
1.529445 -0.553642
1.522846 -0.533214
1.460888 -0.501485
1.554698 -0.568167
1.587867 -0.378833
1.444417 -0.556342
1.183933 -0.240051
1.385868 -0.523827
1.250693 -0.379358
1.455861 -0.524597
1.615178 -0.387547
1.485173 -0.497532
1.514638 -0.549577
2.558976 -0.887474
2.538488 -0.869712
2.411128 -1.062547
2.400733 -1.067620
2.393662 -1.058437
2.411906 -1.042499
2.627493 -0.848037
2.579195 -0.922751
2.413130 -1.050116
2.365674 -1.104740
2.623319 -0.857049
2.525834 -0.916772
2.658516 -0.821889
2.543735 -0.867892
2.394369 -1.058677
2.588360 -0.910826
2.482666 -0.994277
2.524936 -0.882380
2.583493 -0.768661
1.791430 -0.473028
2.252535 -0.743372
1.456823 -0.299583
1.601829 -0.151652
2.085316 -0.649213
2.286647 -0.786577
1.602625 -0.375472
1.750593 -0.516729
2.205363 -0.743754
2.317809 -0.835191
1.702659 -0.387407
1.871001 -0.595797
2.258418 -1.083872
2.345577 -1.032520
2.291173 -1.008345
2.327249 -1.044796
2.295125 -1.049309
2.396615 -1.046400
2.268956 -1.065082
2.356443 -1.059360
2.361215 -1.039622
2.734735 -0.777761
2.536177 -0.853862
2.536450 -1.094299
2.530894 -0.951344
2.458838 -0.947580
2.313135 -0.994398
2.454825 -0.815779
2.493256 -1.042318
2.543018 -0.969683
2.610380 -0.878937
2.540008 -0.850588
2.406567 -1.024131
2.552194 -1.034933
2.560429 -0.885855
3.019073 -0.341336
2.507555 -0.848552
2.468345 -0.871043
1.567394 -0.577387
1.557272 -0.556718
1.551589 -0.554768
1.561997 -0.554565
0.118872 0.672660
0.145167 0.769296
-2.017582 0.308918
-1.330366 0.351440
-2.139429 0.599897
-2.091089 0.592593
-2.134251 0.578467
1.444717 -0.427074
1.560117 -0.381651
2.365279 -1.093699
2.406532 -1.061764
2.372843 -1.089250
2.399581 -1.055545
2.658231 -0.927401
2.631107 -0.906527
2.523292 -0.900569
1.689924 -0.389128
2.545902 -0.983452
1.521046 -0.535894
2.494596 -0.965188
1.534477 -0.362434
1.572229 -0.355843
1.576797 -0.352865
0.935448 -1.584218
1.941851 -1.078948
2.297284 -1.024788
-0.441798 -0.104672
-0.568370 -0.148175
-0.223101 -0.079345
-0.469209 -0.088556
2.576199 -0.870311
2.630183 -0.798024
2.619630 -0.837581
-0.071147 -0.044755
2.314440 -1.037454
2.338922 -0.799406
2.310574 -1.071542
2.457884 -0.929467
2.523781 -0.849080
2.685488 -0.780453
2.526418 -0.858479
2.729089 -0.990834
-0.432413 0.503551
2.478503 -0.750051
-1.078582 0.650259
-0.486787 0.643244
-0.615877 0.487076
-0.469074 0.607033
-0.517937 0.697769
0.269208 -0.373908
-0.461605 0.522322
-0.384045 0.620269
-0.303130 0.581826
-0.367544 0.584086
2.599089 -0.813839
2.527838 -0.845520
2.534650 -0.890317
2.661301 -0.831636
2.209143 -0.726981
2.289866 -0.724800
2.258265 -0.723918
2.118372 -0.652706
2.248424 -0.711692
2.510827 -0.912016
1.570882 -0.375383
1.578670 -0.369515
1.578213 -0.379078
1.583156 -0.437404
1.429252 -0.316902
1.498827 -0.297812
2.601208 -0.898584
2.465745 -1.103279
2.142004 -0.856299
1.967199 -0.619583
1.585214 -0.365268
2.538136 -0.852818
1.025641 -0.260785
0.182243 -1.682559
0.269536 -1.826770
1.256108 -0.021380
1.183501 0.077679
1.609109 -0.334973
1.610423 -0.387618
2.244057 -0.807344
-2.173332 0.597656
-2.437021 0.703672
-2.499077 0.759574
-2.366579 0.789726
-1.482368 0.749890
-2.147799 0.544958
-2.074525 0.566108
-2.135628 0.769386
-2.261843 0.883015
-2.200594 0.703431
-0.661506 0.575204
-0.319891 0.146899
-0.219092 -0.039019
-0.844078 0.862212
-0.948793 1.055009
-0.446154 0.335425
-0.949487 0.740283
-1.728737 2.159072
-1.718669 2.106961
-0.272483 0.085551
-0.715019 0.553806
2.434631 -0.822450
1.256262 -0.464539
1.488282 -0.591559
1.457112 -0.627344
2.770383 -0.761351
2.409858 -0.759614
3.850065 0.609618
2.350162 -0.830119
1.815765 -0.496737
2.376546 -1.090981
2.403172 -0.942000
2.591843 -0.847371
4.452586 1.359334
4.477411 1.220738
4.392603 1.335010
4.073172 0.282471
4.357344 1.148419
4.149331 0.361735
4.540467 1.186939
4.385279 1.141677
4.098865 0.270484
4.104776 0.300011
4.307916 1.213737
4.582187 1.274906
4.085111 0.277990
4.674490 1.375797
4.508899 1.289463
4.503305 1.214654
4.539190 1.426807
4.410300 1.340753
4.380735 1.112498
4.385840 1.250932
4.137377 0.335333
4.139910 0.412939
4.070765 0.291170
4.098638 0.261362
4.478295 1.160584
4.027912 0.209348
4.515472 1.197232
4.066565 0.287827
4.459579 1.328629
4.501255 1.250185
4.067681 0.344632
4.120636 0.355985
4.426426 1.368776
4.415174 1.222254
4.453784 1.338746
4.315342 1.302153
4.434666 1.153787
4.131521 0.337506
4.529052 1.245189
4.416709 1.278599
4.109626 0.361880
4.312461 1.255523
4.482145 1.306469
4.103317 0.311293
4.418831 1.341145
4.581032 1.316415
4.345997 1.339702
5.128495 1.785963
4.438343 1.285147
4.396862 1.260684
4.380010 1.250799
4.090621 0.282151
4.398211 1.319959
4.498594 1.378589
4.374229 1.081280
4.383770 1.111546
4.391323 1.331650
4.343141 1.348570
4.076542 0.305050
4.122532 0.334260
4.107051 0.327679
4.572129 1.233558
4.107388 0.306636
4.440853 1.387211
4.480903 1.247567
4.347284 1.256972
4.409679 1.172704
4.260104 1.230047
4.330961 1.297917
4.531898 1.215799
4.474249 1.228032
4.431923 1.057050
4.421125 1.256212
4.446124 1.224968
4.535351 1.206239
4.097673 0.303915
4.141663 0.331738
4.484202 1.368890
4.162442 0.410013
4.584472 1.209460
4.454663 1.336850
4.552440 1.353897
4.508249 1.323545
4.047674 0.226614
4.504124 1.422708
4.484536 1.326250
4.423132 1.256845
4.417069 1.318045
4.072146 0.272375
4.461948 1.356217
4.590805 1.367397
4.081106 0.284723
4.360973 1.280069
4.562511 1.365208
4.572112 1.286528
4.133850 0.403704
4.317029 1.314057
4.590174 1.427496
4.549052 1.286278
4.442612 1.218599
4.318873 1.256925
4.571044 1.177208
4.449602 1.277722
4.086178 0.305245
4.289368 1.206456
4.775745 1.510503
4.425422 1.351260
4.539367 1.257688
4.456026 1.148318
4.079716 0.278394
1.682339 -0.381121
0.265506 -1.672344
2.775587 -0.897763
0.675165 -0.070832
2.000530 -0.626056
0.385165 0.278267
0.389421 0.234109
0.786755 0.307125
-0.762721 0.867200
-0.784337 0.934027
-0.316878 0.534734
-2.435688 0.925022
-0.713750 0.849518
-1.248809 1.526289
-0.362235 0.563713
-0.103673 0.474330
-2.007161 0.592381
-1.525452 0.340537
-1.817013 0.467792
1.337490 -0.135354
-0.289630 -0.104288
0.816946 0.289161
0.827860 0.280191
0.810152 0.295270
0.788185 0.312626
0.798819 0.325171
0.809806 0.293370
0.832239 0.272031
0.801251 0.299119
1.477466 -0.481805
-0.223369 0.232014
-0.165945 0.323550
2.501712 -0.941616
0.110203 0.114047
0.108817 0.102833
1.373390 -0.427957
-3.467875 0.758137
-3.521741 0.728081
-3.317146 0.791144
-3.600509 0.683718
-3.494532 0.841268
-3.467291 0.812819
-3.578031 0.726556
-3.268497 0.835574
-3.491678 0.772087
-3.593597 0.738981
-3.128739 0.958516
-3.490115 0.762205
-3.457171 0.810385
-3.477964 0.772885
-3.255463 0.800135
-3.278442 0.788928
-3.576536 0.757391
-3.079406 1.029806
-3.504897 0.753075
-3.630505 0.719242
-3.490642 0.709086
-3.531320 0.724618
-3.593490 0.704988
-3.660936 0.737377
-3.552243 0.742590
-3.606570 0.700330
-3.464016 0.807165
-3.534476 0.778190
-3.543218 0.786143
-3.539181 0.739101
-3.522157 0.785431
-3.586669 0.762309
-3.520102 0.779270
-3.250858 0.761279
-3.257489 0.832094
-3.303332 0.808554
-3.580969 0.805555
-3.467497 0.793215
-3.534320 0.739643
-3.381406 0.792362
-3.523186 0.754235
-3.640358 0.773717
-3.298939 0.773334
-3.508615 0.763689
-3.451281 0.774657
-3.506687 0.771055
-3.471823 0.957448
-3.220600 0.820836
-3.615151 0.662006
-3.515625 0.721150
-3.214613 0.843740
-3.541304 0.779361
-3.465190 0.763526
-2.605387 0.821614
-3.607633 0.780055
-3.533184 0.761911
-3.330063 0.837397
-3.287981 0.796096
-3.490275 0.781282
-3.284488 0.797359
-3.540993 0.713646
-3.534419 0.759072
-3.313443 0.794255
-3.569273 0.832919
-3.548250 0.717502
-3.314214 0.829070
-3.185323 0.805661
-3.635295 0.672890
-3.508519 0.738433
-3.493751 0.756419
-3.374049 0.822006
-3.355703 0.837179
-3.470454 0.800359
-3.332605 0.790233
-3.622772 0.819225
-3.518232 0.828774
-3.533479 0.698414
-3.449418 0.796382
-3.444679 0.753833
-3.247778 0.825915
-3.489940 0.758180
-3.555255 0.768423
-3.201396 0.848988
-3.568946 0.755675
-3.512759 0.792117
-2.390631 0.915261
-3.510967 0.718270
-3.456276 0.576912
-3.318322 0.819467
-3.564364 0.731155
-3.382950 0.804267
-3.262571 0.813929
-3.384954 0.822868
-3.486617 0.767861
-3.336494 0.892343
-3.583591 0.737481
-3.532436 0.739000
-3.283279 0.794696
-3.445036 0.774874
-3.525591 0.733721
-3.563411 0.740262
-3.230006 0.784607
-3.569060 0.741146
-3.120165 1.499124
-3.306191 0.828940
-3.280829 0.824883
-3.289470 0.825815
-3.559304 0.737742
-3.282296 0.775008
-3.254463 0.898898
-3.566668 0.775801
-3.610004 0.833572
-3.519147 0.735185
-3.524874 0.715170
-3.573578 0.782211
-3.575985 0.661808
-3.541864 0.755805
-3.558565 0.799112
-3.336893 0.840977
-3.519362 0.823616
-3.535034 0.709777
-3.555373 0.721648
-3.526304 0.746133
-3.519883 0.698686
-3.556023 0.717169
-1.876082 2.587974
-1.948934 2.665131
-1.919880 2.469913
-1.729263 2.463542
-2.128932 2.711232
-1.940333 2.347535
-1.946885 2.427351
-2.187783 2.554095
-1.945282 2.712227
-1.916723 2.523186
-1.948036 2.601775
-1.672031 1.927692
-1.981091 2.261103
-2.200856 2.533100
-2.033633 2.554943
-2.001144 2.384819
-2.007207 2.549301
-2.128668 2.395168
-1.864894 2.352350
-1.981595 2.281939
-1.938150 2.602847
-1.912996 2.476311
-2.061063 2.704273
-2.067418 2.469365
-1.816799 2.522183
-2.095305 2.566462
-2.015543 2.664966
-2.086377 2.366497
-2.009852 2.693338
-2.041259 2.690242
-1.901929 2.337842
-2.172840 2.564361
-1.831132 2.232383
-1.946408 2.540080
-2.139421 2.393950
-1.998382 2.313853
-2.069123 2.604943
-2.080551 2.370681
-1.954848 2.262512
-1.949372 2.538092
-1.754686 2.457561
-2.042263 2.693624
-2.058065 2.510004
-1.714755 1.802002
-1.996745 2.739006
-1.902401 2.536543
-1.883028 2.289746
-2.167552 2.475024
-1.913308 2.265111
-1.995733 2.653861
-1.949064 2.590907
-1.970519 2.550304
-2.121851 2.375374
-1.916281 2.503453
-1.850989 2.293596
-2.033676 2.401245
-2.078356 2.584183
-1.525302 1.657782
-2.165391 2.742885
-1.768533 2.413509
-2.139504 2.334296
-2.000847 2.551123
-2.057290 2.661688
-2.137855 2.607450
-2.227319 2.566387
-1.950779 2.498695
-3.256410 0.834822
-3.293885 0.813385
-3.357021 0.872542
-3.241791 0.868836
-3.171688 0.828102
-3.467450 0.723162
-3.273305 0.823973
-3.240280 0.824273
-3.304928 0.782852
-3.322686 0.830231
-3.254834 0.806963
-3.213571 0.803409
-3.327966 0.894831
-3.116916 0.953726
-3.245854 0.768519
-3.223539 0.787070
-3.147377 0.915467
-2.614188 2.704348
-2.480844 2.629863
-2.497265 2.704201
-1.482002 1.376068
-1.362894 1.363967
-1.475723 1.512594
-1.366514 1.368703
-1.379313 1.391867
-1.394217 1.387767
-1.439830 1.470818
-1.401110 1.402044
-1.362221 1.394010
-1.755068 -0.590539
-1.771147 -0.559144
-1.797021 -0.557868
-1.774765 -0.563631
-1.777863 -0.572320
-1.764754 -0.597045
-1.773502 -0.573983
-1.783882 -0.600815
-1.798079 -0.536574
-1.734800 -0.617329
-1.766956 -0.580289
-1.768351 -0.578839
-1.781665 -0.563831
-1.762613 -0.593591
-1.764301 -0.574988
-1.779596 -0.560520
-1.744387 -0.572276
-1.768214 -0.556756
-1.769077 -0.578686
-1.777366 -0.578366
-1.754767 -0.569226
-1.771176 -0.585387
-1.766623 -0.580310
-1.758595 -0.563662
-1.763851 -0.557153
-1.798209 -0.547350
-1.764772 -0.588391
-1.758273 -0.584237
-1.764654 -0.590815
-1.783425 -0.564839
-1.759912 -0.530862
-1.729967 -0.617539
-1.779660 -0.560278
-1.794774 -0.507013
-3.552965 0.742775
-1.791031 -0.558653
0.013581 0.366403
-2.578340 1.033012
-2.724056 1.049507
-3.232202 0.989632
-2.362268 0.918316
-2.360255 1.058330
-2.098698 1.147815
-2.739978 1.294492
-2.338361 0.938446
-2.312866 0.914914
-2.703802 1.019769
-2.290658 1.092576
-2.137494 0.647445
-2.269686 0.963937
-2.606996 1.249073
-2.360116 0.987782
-2.295855 0.949890
-2.307509 0.835133
-2.263899 2.489190
-2.160020 2.532542
-2.187780 2.602575
-2.042454 2.427805
-2.213030 2.473775
-2.192064 2.348373
-2.263453 2.494931
-2.119913 2.458085
-2.245525 2.357479
-2.119736 2.441220
-2.139112 2.391390
-2.052590 2.279606
-2.057869 2.466084
-2.063997 2.467593
-2.056328 2.448078
-2.054827 2.333006
-2.097324 2.685188
-2.248588 2.437569
-2.184518 1.174497
-2.107703 2.254421
-1.937912 2.482590
-2.233332 2.403811
-1.928886 2.412979
-2.062849 2.431660
-2.218517 2.473138
-2.079570 2.449315
-1.998353 2.387341
-2.058883 2.473624
-1.934037 2.271364
-2.087957 2.345477
-2.083224 2.346001
-2.271854 2.650609
-2.153608 2.332376
-2.147164 2.466565
-2.290556 2.253483
-2.322072 2.268267
-2.152401 2.525703
-2.193225 2.237769
-2.275955 2.389495
-2.357843 2.361045
-2.051824 2.549354
-2.083481 2.462470
-2.064854 2.395733
-2.046048 2.547310
-2.084823 2.254281
-2.094322 2.336751
-2.222288 2.384482
-2.176898 2.128999
-2.213865 2.651231
-2.233873 2.401252
-2.072777 2.278789
-1.955263 2.454725
-2.119443 2.601546
-2.170316 2.361825
-2.262530 2.428838
-2.139212 2.624016
-2.067303 2.300447
-2.011895 2.309777
-2.257926 2.499032
-2.144649 2.527293
-2.224484 2.436149
-2.171968 2.578485
-2.166175 2.507440
-2.102888 2.474615
-2.217407 2.407576
-2.131702 2.596540
-2.230098 2.368415
-2.176239 2.353260
-2.107009 2.028632
-2.298199 0.978062
-2.012063 2.385334
-2.142885 2.607736
-2.355237 0.914876
-2.324280 1.024147
-1.934472 2.484378
-2.028973 2.561595
-2.057869 2.401084
-1.963069 2.250931
-2.286172 0.932927
-1.731317 2.307662
-1.413684 1.486616
-1.438245 1.462886
-1.226268 1.353741
-1.780044 2.212835
-1.507062 1.643476
-1.825647 2.301777
-1.381130 1.385392
-1.407872 1.521381
-1.426672 1.410375
-1.406867 1.463095
4.314544 1.316545
-1.349977 1.373643
-1.378457 1.425962
-1.406002 1.357889
-1.402593 1.483934
-1.366038 1.422995
-1.581238 2.013819
-1.386753 1.213095
-1.400287 1.288835
-1.394233 1.452337
-1.381478 1.402124
-1.429102 1.428649
-1.380595 1.401916
-1.316045 1.543517
-1.470367 1.035090
-2.543030 1.181958
-1.290138 1.513989
-1.270201 1.569506
-1.277963 1.462887
-1.302431 1.539891
-1.282447 1.563719
-1.282150 1.580770
-1.288637 1.584320
-1.320992 1.683755
-1.281427 1.563468
-2.039165 0.938553
-2.047553 0.959433
-2.096704 1.065202
-2.159793 1.097198
-2.047548 0.970221
-2.361933 0.988502
-2.307817 0.875303
-2.521004 1.313779
-2.687865 1.247663
-2.221413 0.785330
-1.979907 2.394606
-1.515182 1.772443
-2.703792 1.131200
-2.059304 2.481687
-2.874657 1.130826
-2.483774 1.118500
-2.729651 1.184467
-2.658928 1.300341
-3.094467 1.052217
-2.437592 1.402302
-2.875925 1.124586
-2.963733 1.034548
-2.556796 1.204020
-2.413293 1.481122
-2.544182 1.142801
-2.759386 1.173188
-2.788569 1.113156
-2.420428 1.133804
-2.343853 2.411861
-2.813563 1.090683
-2.072273 2.228422
-2.782020 1.270163
-2.494169 1.170944
-2.810404 1.137562
-2.499452 1.444356
-2.488421 1.330203
-2.915857 1.125118
-2.015294 2.626075
-2.795181 1.147888
-2.288510 0.994922
-2.323470 0.881595
-2.481348 0.942786
-2.337127 0.919788
-2.390282 0.987219
-2.386257 0.954565
-2.351165 0.925901
-2.280609 0.966466
-2.337053 0.909378
-2.358942 0.964824
-2.352561 0.929577
-2.415527 0.909650
-2.432355 1.101553
-2.289185 0.925333
-2.326926 0.938977
-2.392404 0.962925
-2.372985 0.906614
-2.377257 0.995874
-2.357747 0.929799
-2.308596 0.919078
-2.529602 0.950787
-2.205235 2.565118
-2.231487 2.780729
-2.064396 2.716709
-2.171182 2.554213
-2.140227 2.508024
-2.189429 2.509684
-2.197517 2.625520
-2.085826 2.700838
-1.961320 2.487902
-2.022582 2.306196
-2.078197 2.650988
-2.160526 2.236128
-2.099106 2.428250
-2.145553 2.735680
-2.168654 2.380175
-2.066117 2.631753
-2.196042 2.706650
-2.126385 2.449962
-2.051770 2.561749
-2.204756 2.740736
-2.206918 2.644100
-2.214036 2.477417
-2.022737 2.380208
-1.952756 2.363830
-2.000623 2.421158
-2.273623 2.690264
-2.205241 2.495947
-2.156962 2.371319
-1.878492 2.408344
-2.021334 2.493942
-2.184937 2.518433
-2.003324 2.437423
-2.142710 2.500499
-2.134604 2.693094
-2.232360 2.589258
-2.064249 2.717371
-2.045162 2.555346
-1.994647 2.679287
-2.133373 2.419168
-2.133979 2.751078
-2.203179 2.723082
-2.064638 2.553903
-2.128640 2.439759
-2.158734 2.342459
-2.182536 2.583422
-2.208143 2.702019
-2.085631 2.430377
-2.125836 2.739801
-2.212694 2.488953
-2.105414 2.654346
-2.194406 2.796537
-2.251303 2.358711
-2.227270 2.480230
-2.121656 2.322883
-2.129466 2.744359
-2.095343 2.497998
-2.099662 2.404602
-2.210398 2.814584
-2.021489 2.551090
-2.168872 2.769424
-2.092658 2.519192
-1.996879 2.493421
-2.123478 2.767989
-2.206971 2.672868
-1.997382 2.598318
-2.069177 2.423012
-2.023238 2.555635
-2.220810 2.389643
-1.948447 2.428331
-2.206833 2.635467
-2.170317 2.462445
-2.018675 2.506202
-2.238219 2.727828
-2.112936 2.647626
-2.240134 2.663374
-2.220289 2.556823
-2.176625 2.591922
-2.037500 2.253498
-2.207820 2.658713
-2.094007 2.415332
-1.944903 2.259115
-1.854846 2.537521
-1.951680 2.519850
-2.231470 2.403084
-2.007676 2.582340
-2.288047 2.623845
-2.273353 2.642866
-2.129601 2.386450
-2.086322 2.727310
-2.219315 2.401831
-2.086152 2.718354
-2.183939 2.591661
-2.175503 2.801927
-2.921291 1.068767
-2.858304 1.085847
-2.983576 0.985814
-2.892658 1.095791
-2.830833 1.108384
-2.894378 1.109347
-3.182449 0.755153
-2.858131 1.081837
-2.883114 1.085816
-2.937466 1.143209
-3.316223 0.867784
-2.825143 1.102100
-2.846635 1.072398
-2.894294 1.099671
-2.873982 1.094156
-2.843389 1.100689
-2.380749 1.038728
-3.249044 0.851901
-2.822299 1.025535
-3.029644 0.968966
-3.340057 0.798717
-2.880238 0.996278
-2.800446 1.043173
-2.614739 1.162868
-2.833898 0.680406
-3.339225 0.750011
-2.847900 1.046458
-2.866234 1.085571
-2.884727 1.028258
-3.214606 0.891537
-2.785614 1.033330
-2.884439 1.074250
-3.265176 0.836131
-2.935716 0.894949
-2.854091 1.077116
-3.181370 0.789141
-2.973023 1.082790
-2.911627 1.073554
-2.812168 1.176451
-3.237949 0.862241
-2.813831 0.990222
-3.109697 0.953732
-2.791526 1.070336
-3.173128 0.858476
-3.033915 1.012587
-2.924226 1.048887
-2.832330 1.061491
-2.847330 1.142154
-3.028847 1.080549
-2.367064 2.529589
-1.584048 2.135643
-1.766771 2.150815
-2.199774 2.451117
-1.441249 1.675141
-2.082222 2.205318
-0.769559 0.707526
-2.146708 2.298417
-2.198600 2.311933
-1.979087 2.368800
-2.140930 2.396549
-2.144871 2.221653
-2.268622 2.594613
-2.155737 2.024939
-1.914007 2.620668
-2.044581 2.323072
-2.093950 2.335974
-2.120843 2.608530
-2.071043 2.643854
-1.943701 2.328347
-2.040566 2.401766
-2.096881 2.496436
-2.135243 2.423853
-2.037102 2.565962
-2.110868 2.328138
-2.035078 2.648428
-2.182001 2.367359
-2.045079 2.525774
-2.028303 2.430634
-1.764847 2.241987
-2.063431 2.647019
-1.698506 2.237512
-1.768323 2.204670
-1.741275 2.217340
-1.694235 2.327617
-1.755309 2.299952
-1.127447 1.349049
-1.518270 1.823187
-1.630714 2.054907
-1.449731 1.662291
-2.893883 1.091954
-2.892178 1.089380
-2.861605 1.036586
-2.754204 1.138214
-2.942281 1.095325
-2.918246 1.015717
-2.965832 1.029960
-2.850821 1.181973
-2.871846 1.030372
-2.953012 1.095749
-2.805767 1.051653
-2.884358 1.127311
-2.869784 1.063451
-2.893630 1.086787
-2.936976 1.117509
-2.880608 1.123762
-3.068026 0.850559
-2.919368 1.137365
-2.867413 1.105517
-2.834773 1.082982
-2.911679 1.109705
-2.969986 1.024264
-2.874442 0.994093
-2.239864 2.635995
-1.893955 2.262442
-2.211865 2.461986
-2.124888 2.385617
-2.106425 2.696604
-1.854347 2.296153
-2.095081 2.666551
-1.910094 2.273678
-2.087387 2.516137
-1.826038 2.291937
-2.109717 2.536834
-2.167470 2.656535
-2.050069 2.402282
-2.313869 2.298779
-2.080083 2.298210
-2.136600 2.468275
-2.132173 2.802284
-2.319232 2.419114
-2.001665 2.560730
-1.844651 2.411877
-2.207490 2.575574
-2.141344 2.703880
-1.845256 2.458500
-2.291934 2.602413
-1.660482 1.745602
-2.005155 2.732659
-1.919507 2.634987
-2.204858 2.688110
-2.556346 1.162872
-2.090488 2.209066
-1.311141 1.349414
-1.348017 1.364279
-1.355746 1.357005
-1.348952 1.363208
-1.325336 1.364257
-1.322751 1.352759
-0.898416 1.018626
-0.753307 0.771277
-1.103198 1.386620
-2.266050 0.788448
-2.335757 0.845810
-2.276218 0.963046
-2.371978 0.987999
-2.332891 1.019363
-2.290745 0.793379
-2.322782 0.894123
-2.389526 1.014666
-2.299759 0.974542
-2.371467 0.908335
-2.335116 0.919482
-2.309776 0.916974
-2.273308 0.865823
-2.363821 0.879616
-2.324056 0.874135
-2.213455 0.735221
-2.327829 0.916270
-2.323788 0.933354
-2.301803 0.941756
-2.355330 0.939620
-2.308903 0.826735
-2.362447 0.952575
-2.360386 0.966497
-2.457391 1.140212
-2.464939 1.213905
-2.469702 1.186546
-2.439014 1.155067
-2.608063 1.248858
-2.513827 1.170229
-2.366791 1.004826
-2.478536 1.265996
-1.970730 2.601436
-2.163188 2.655827
-2.315229 2.635748
-2.059248 2.363518
-2.104068 2.689638
-1.754208 2.343061
-2.007145 2.570859
-1.766186 2.571583
-2.092293 2.655090
-3.275643 0.796370
-3.333504 0.860325
-2.768962 0.990466
-3.068121 0.741571
-3.213696 0.780820
-3.297164 0.869562
-2.849135 1.112286
-2.302531 0.885384
-2.282043 0.935750
-2.285990 0.926012
-2.299027 0.915919
-2.270712 0.839889
-2.310820 0.876184
-2.297119 1.027804
-2.243418 0.899534
-2.223048 0.462050
-2.381201 0.854773
-2.329153 0.868541
-2.347755 0.972748
-2.956878 0.872638
-3.031042 1.026484
-2.980357 0.974556
-2.703805 0.902787
-3.002967 1.049303
-1.742446 -0.395414
-2.468838 1.135724
-2.714829 1.089215
-2.429279 1.170675
-2.531204 1.120165
-2.029798 1.855542
-2.959947 1.102302
-2.840427 1.115034
-2.869043 1.055893
-2.823132 1.095693
-3.361307 0.832693
-2.753009 1.124527
-2.966188 0.986823
-2.870232 1.058960
-2.858126 1.106291
-2.850730 1.031635
-2.859052 1.114989
-2.843059 1.134229
-2.854374 1.074063
-2.762150 1.164963
-2.887935 1.108657
-2.813385 1.146761
-2.875553 1.170854
-2.863142 1.170554
-2.920837 1.094739
-2.830552 1.137927
-2.822795 1.124170
-2.866036 1.129100
-2.141316 2.650372
-2.133286 2.582383
-2.071819 2.220236
-1.568704 1.337765
-2.116952 2.652459
-2.300113 2.487750
-2.294396 1.007796
-2.474734 0.933943
-2.223207 0.776909
-2.263365 0.817947
-2.717425 1.104324
-2.810844 1.022881
-2.798820 1.085265
-2.476112 0.498146
-2.839799 1.076977
-1.369368 1.391951
-1.381125 1.450134
-1.613933 1.979891
-1.452373 1.545584
-1.660307 2.229422
-1.663317 2.202073
-1.547136 1.987079
-1.841649 2.105982
-1.955575 2.668592
-2.073676 2.858065
-2.113447 2.743719
-1.917535 2.663380
-1.266619 1.640981
-1.430670 0.898493
-1.549015 1.112269
-1.584487 1.035725
-1.459838 0.968899
-1.457730 0.943127
-1.443142 0.961808
-1.454250 0.996451
-1.425554 1.074763
-3.527399 0.771656
-2.141756 2.837820
-2.214059 2.601984
-2.113105 2.688360
-2.259701 2.503937
-2.096343 2.883172
-2.235335 2.673122
-1.761638 2.112600
-2.154015 2.700385
-1.503159 1.874052
-1.518459 1.933110
-1.288336 1.793376
-1.397540 1.569408
-1.723014 2.139400
-2.517246 1.171254
-1.786061 -0.594180
-2.772987 1.060932
-2.928408 1.048186
-2.846670 1.086045
-2.937691 1.010849
-2.790774 1.117710
-2.939125 1.020742
-2.881862 1.025802
-2.934345 1.008652
-2.821078 1.041294
-2.866312 1.103627
-2.218290 2.746726
-2.074670 2.699111
-2.094009 2.726505
-1.932172 2.583435
-1.495448 1.972915
-2.089948 2.217859
-2.672531 1.297277
-2.484529 1.401841
-2.313374 1.936566
-2.465853 1.296049
-1.383456 1.402135
-2.395247 1.226551
-1.462073 1.628253
-3.262664 0.857972
-1.721040 2.283894
-1.458297 1.795707
-1.572959 2.069429
-1.733113 2.199711
-2.930533 1.087433
-2.945429 1.183308
-2.742208 1.073086
-3.564832 0.727647
-1.915700 2.597838
-2.060632 2.777685
-1.965290 2.626312
-1.958462 2.727325
-1.697140 2.242489
-2.782202 1.125445
-2.932397 1.019014
-2.924401 1.090151
-1.284106 0.599694
-1.279688 0.704844
-1.652633 1.998602
-1.416191 1.360365
-0.426915 0.294935
-0.185162 0.000423
-0.130874 -0.141072
0.002966 -0.401024
-0.267585 0.084261
-0.031209 -0.114079
0.152277 -0.624998
-0.122621 -0.160685
0.205595 -0.461826
-0.020671 -0.246206
-0.049344 -0.218607
-0.107795 -0.105234
-0.098495 -0.076868
0.214490 -0.536407
-0.112297 -0.175251
0.120989 -0.642411
-0.221128 -0.003273
-0.281754 0.066371
-1.471178 1.670122
-1.704130 2.099299
-1.754078 -0.506891
-2.789414 1.162068
-2.076612 2.273674
-1.283826 1.957223
-1.995623 2.589856
-2.799660 1.112453
-2.922950 1.240418
-2.294415 0.864713
-0.255699 0.376510
-0.211139 0.446449
-0.265004 0.376909
-0.197408 0.519332
-1.642550 2.112843
-1.288447 1.564051
-1.635696 2.196538
-1.389713 1.409141
-3.610310 0.762224
-2.889629 1.102942
-2.303570 0.959338
-2.186284 0.399058
-2.371124 1.054233
-2.124544 0.616239
-2.562367 1.024018
-3.589731 0.732510
-2.379282 2.713112
-1.773798 2.314082
-3.047502 1.202155
-1.455572 1.608915
-2.503581 1.083248
-2.359298 0.935822
-0.074500 0.425422
-0.122128 0.526098
4.364894 1.362635
-1.834844 2.358152
-1.199002 1.652644
-1.084820 1.198155
-1.357823 1.394048
-1.306397 1.598718
-1.475198 1.940825
-2.951988 1.140387
-2.790824 0.927867
-2.790634 1.159469
-1.501459 1.201285
-1.764561 0.980150
-1.769783 0.974656
-1.912555 0.995044
-1.437237 1.915716
-1.492019 1.972338
-1.504455 1.984386
-1.545897 2.000611
-1.525770 1.967492
-1.522793 1.986036
-1.535548 1.991096
-1.481445 1.932028
-1.810166 0.987749
-1.887135 0.973660
-1.552747 2.058833
-0.685560 0.613825
-1.864387 1.456194
-2.520533 1.212979
-2.497422 1.114149
-2.547588 1.164165
-2.659337 1.222985
-2.011767 0.985335
-2.023485 1.582743
-2.021958 1.641917
-3.172479 1.053689
-2.351983 0.912466
-2.107585 0.587249
-2.069189 0.576558
-2.088869 0.451148
-1.998724 0.527125
-2.111817 0.543259
-2.125141 0.545667
-2.191654 0.497659
-2.067576 0.572096
-2.038379 0.461137
-2.199902 0.440448
-2.134577 0.477026
-2.062309 0.510227
-2.133787 0.599710
-2.127151 0.630246
-1.886192 0.067334
-2.142188 0.450747
-2.123507 0.537318
-2.085629 0.634451
-2.071946 0.515911
-1.952271 0.166037
-1.969618 0.118646
-1.916972 0.066735
-2.078857 0.538082
-3.556128 -1.559362
-1.390571 1.434994
-3.757728 -1.752436
-3.782854 -1.795710
-3.728442 -1.759781
-3.754882 -1.718767
-3.630359 -1.793277
-3.632780 -1.790687
-3.699420 -1.795471
-3.688062 -1.800663
-3.776114 -1.773757
-3.750805 -1.748296
-3.803203 -1.819882
-3.733067 -1.726980
-3.759645 -1.745659
-3.530836 -1.737838
-3.860946 -1.721074
-3.676577 -1.668393
-3.705893 -1.780617
-3.722485 -1.749694
-3.746264 -1.745164
-3.648154 -1.747094
-3.720505 -1.762815
-3.664347 -1.786903
-3.720142 -1.754604
-3.764654 -1.755230
-2.987717 -2.146329
-3.776272 -1.852836
-3.696418 -1.695876
-3.640383 -1.750752
-3.750084 -1.739759
-3.679078 -1.707753
-3.696651 -1.728373
-3.766122 -1.773600
-2.386857 2.379035
-2.781259 1.078103
-1.321112 1.376527
-0.888839 0.875708
-1.373408 1.384723
-2.781527 0.859824
-1.954205 2.523043
-1.839231 -0.005335
-2.172680 0.514284
-2.139506 0.523691
-2.145672 0.558852
-2.020357 0.525708
-2.077616 0.522255
-2.051400 0.459769
-2.136279 0.530565
-2.107168 0.598729
-2.097799 0.516498
-2.202341 0.548215
-2.075123 0.489780
-2.048911 0.447805
-2.056770 0.458751
-2.086816 0.565708
-2.073949 0.491760
-2.190729 0.540017
-2.068416 0.550522
-2.131792 0.493898
-2.241655 0.549163
-2.081335 0.564445
-2.114156 0.531056
-2.109646 0.487864
-2.162574 0.602609
-2.074581 0.571091
-2.154160 0.517054
-2.123926 0.522958
-2.126087 0.435912
-2.138798 0.695944
-2.107112 0.562508
-2.122318 0.572787
-1.584956 1.906153
-1.621121 2.115916
-2.379587 0.754021
-2.392104 0.793493
-2.030661 0.551970
-2.183016 0.714923
-2.072852 0.556815
-2.039664 0.483704
-2.088237 0.496891
-2.051673 0.592652
-2.053249 0.428859
-2.106324 0.531988
-2.108095 0.521790
-2.038331 0.415819
-2.073948 0.340092
-2.110986 0.478093
-1.992762 0.395318
-2.097087 0.519106
-2.085748 0.465759
-2.034263 0.319768
-2.080118 0.486006
-2.250879 0.793242
-1.825263 3.110495
-1.851760 2.755646
-2.088258 0.542359
-2.098196 0.410847
-2.113478 0.499699
-2.119448 0.340182
-1.975441 0.375380
-2.470125 1.449447
-2.423442 1.334157
-2.448587 1.416517
-0.135870 -0.065922
-0.165838 -0.053456
-3.469784 0.673586
-2.517335 1.048810
-2.680900 1.220496
-1.979627 1.458747
-3.485797 0.784618
-2.030323 2.300917
-1.795702 2.348614
-2.052763 0.419984
-1.966655 0.429653
-2.019007 0.327497
-2.197172 0.436439
-2.048724 0.548252
-2.609018 0.355570
-3.637295 0.760475
-2.778358 1.033762
-2.578789 0.995561
-2.167046 0.678622
-2.205584 0.341956
-2.066642 0.434484
-2.104720 0.530853
-2.013849 0.332114
-2.068980 0.539647
-2.031712 0.458574
-2.091777 0.583229
-1.970969 0.413159
-1.172929 0.652221
-1.427832 0.645138
-1.685825 0.868482
-2.765597 1.083650
-2.263644 2.691708
-2.158923 1.890994
-2.434141 2.490256
-2.081027 0.585407
-2.078627 0.588157
-2.107343 0.627054
-1.915857 2.087166
-2.144347 0.603823
-2.149584 0.670102
-1.955784 0.380610
-2.065792 0.490656
-2.099640 0.574137
-2.154955 0.516008
-1.732305 2.254012
-1.797339 0.647555
-2.156237 0.468367
-2.064879 0.453624
-2.078477 0.487704
-2.041600 0.471885
-2.030042 0.516040
-1.425554 2.556051
0.196137 -0.490648
0.269392 -0.508100
0.262593 -0.379204
0.142900 -0.668402
1.017269 3.317771
0.108076 -0.410957
0.245483 -0.358639
0.229066 -0.352665
0.022063 -0.366770
0.196976 -0.493379
0.199278 -0.386569
0.199509 -0.449315
0.228341 -0.375337
0.114819 -0.413625
0.236594 -0.804999
0.143965 -0.371761
0.181017 -0.387749
-0.028997 -0.616290
0.281064 -0.414055
0.337357 -0.363395
0.261702 -0.357240
0.316694 -0.619477
0.154726 -0.439759
0.001026 0.066287
0.054362 -0.289008
-1.318871 -0.214067
0.187973 -0.701760
0.124629 -0.669736
0.134956 -0.911851
0.218961 -0.466369
4.406756 1.376577
4.604283 1.258413
4.535964 1.288342
4.398323 1.428258
4.477433 1.217645
4.541313 1.310188
4.563641 1.401878
5.524556 2.017176
4.494975 1.223143
4.421320 1.309144
4.372264 1.405018
4.612444 1.407349
4.469644 1.216459
4.377915 1.306356
4.488298 1.133969
4.372285 1.246276
4.532282 1.373690
4.888996 1.628709
4.393687 1.183612
4.215811 1.220843
4.242088 1.217820
4.494651 1.272604
4.393548 1.299563
4.559408 1.386201
5.209636 1.871351
4.853992 1.633104
4.418488 1.280201
4.610105 1.349807
4.447206 1.323810
4.611035 1.216506
5.679126 2.124989
4.582880 1.355330
4.495097 1.213843
4.445199 1.375658
4.388499 1.284060
4.478393 1.208748
4.384304 1.214571
4.489039 1.275506
4.455472 1.350879
4.523015 1.412726
4.431765 1.330834
4.540210 1.387713
4.564219 1.335654
4.540290 1.450180
4.539720 1.406341
4.369399 1.185500
4.406259 1.188043
4.551507 1.273848
4.528646 1.318460
-2.399124 1.093091
-2.033887 0.492873
-2.146588 0.458218
-2.130943 0.509290
-2.035450 0.376752
-2.194922 0.460012
-2.068624 0.438867
-2.076471 0.373055
-2.094830 0.501995
-2.147689 0.505628
-1.820200 0.000182
-0.406717 1.107347
-2.045199 0.501819
-1.797209 0.476650
-1.421643 0.888431
0.137684 -0.689231
0.175065 -0.819647
0.069419 -0.179021
-0.070266 -0.154070
0.095314 -0.360316
0.116474 -0.357869
-0.129112 -0.184922
-0.177919 -0.198957
0.283523 -0.596098
0.152992 -0.756680
0.226137 -0.521479
-0.105522 -0.163772
-2.644480 0.934841
-2.108481 0.089981
-1.849084 0.034334
-1.870814 0.035920
-1.818648 -0.035539
-1.823008 -0.025090
-1.822608 -0.030729
-1.787385 -0.054462
-1.915944 0.064167
-1.913990 0.195752
0.141015 -0.889788
-0.060922 -0.093862
0.223267 -0.872693
-0.068730 -0.186374
0.047637 -0.521581
-2.244365 1.061762
-1.258186 2.583615
-2.034462 0.520511
-2.094087 0.514001
-2.002362 0.481598
-2.395199 0.273935
-2.363532 0.275400
-2.324627 0.328659
-2.315688 0.318956
-2.370192 0.265752
-2.394684 0.400418
-2.381399 0.282791
-2.456185 0.278009
-2.395513 0.323565
-2.308924 0.350527
-2.167868 0.280763
-2.299917 0.323402
-2.390942 0.317485
-2.288532 0.389624
-2.364134 0.284925
-2.370260 0.281908
4.494696 1.210642
4.263712 1.245208
4.546002 1.206325
4.425308 1.261217
4.376189 1.090056
4.441079 1.260486
4.581449 1.369280
4.422246 1.230673
4.376485 1.244101
4.479000 1.267656
4.559301 1.171410
4.451868 1.301566
4.289748 0.900615
4.408592 1.409162
4.444852 1.367364
4.430027 1.239883
4.313502 1.145352
4.564040 1.242141
4.341333 1.237635
5.275746 1.862473
4.587976 1.142820
4.396537 1.248190
4.299014 1.148482
4.393059 1.060892
4.515017 1.198313
4.443604 1.134929
4.639532 1.303556
4.518071 1.305420
4.569034 1.252020
4.500319 1.101650
4.341837 0.980606
4.373470 1.241264
4.411543 1.275666
4.470174 1.184701
4.463983 0.970104
4.379910 1.359622
4.462411 1.188962
4.361320 1.238944
4.462867 1.266072
4.374820 1.069395
4.455629 1.399324
4.362309 1.155342
0.243213 -0.848315
0.044590 -0.696191
0.148213 -0.686369
-0.033302 -0.143564
0.274475 -0.552578
-0.073902 -0.123366
-1.812436 -0.026233
0.153663 -0.499558
0.158718 -0.756589
0.139830 -0.426178
0.389289 -0.583690
-2.071581 0.330035
-2.191005 0.392509
-1.968200 0.290811
-2.031045 0.639715
-2.093724 0.557356
-2.171379 0.452928
-2.055795 0.340943
-2.025941 0.332901
-2.029240 0.294955
-2.019184 0.330711
-2.113535 0.392726
-2.074732 0.348426
-1.903362 0.387369
-2.008988 0.340825
-2.004190 0.341775
-1.969832 0.228947
-2.017236 0.389958
-2.037654 0.427567
-2.037520 0.407793
-2.126873 0.449814
-1.999633 0.316753
-2.111845 0.549730
-2.146556 0.446799
-2.090892 0.569462
-2.034291 0.553322
4.206689 1.185706
4.514682 1.027203
4.242059 1.305346
4.513412 1.195335
4.146813 1.216889
4.180829 1.214123
0.130575 -0.405425
-2.069853 0.446718
-1.996313 0.387920
-1.961227 0.370149
-2.006084 0.269450
0.222948 -0.442896
-0.190198 -0.086827
-1.848226 2.164057
-2.132520 0.384522
-2.001896 0.404029
-2.025551 0.257455
-2.004323 0.327272
-2.055196 0.394236
-1.943564 0.330184
-2.000437 0.356236
-2.026068 0.378620
-2.050537 0.296087
-2.261722 0.297227
-2.048752 0.240570
-2.200493 0.330245
-1.935016 0.336305
-1.863990 0.300947
-2.081200 0.299888
-1.798804 0.303700
-1.729580 0.320776
0.798945 0.274521
-2.036818 0.316697
-2.098359 0.365746
-1.660076 0.263604
-1.606106 0.193922
-1.785268 0.326667
-1.933169 0.325343
-1.996057 0.293773
-2.133632 0.448220
-2.137054 0.473592
-2.082500 0.462695
-2.001976 0.381739
-2.111769 0.458740
-2.123013 0.541688
-1.842609 0.008580
-2.035492 0.360725
-1.956898 0.328612
-1.358834 0.115418
-1.831976 0.034165
-1.839520 0.005720
-1.575843 0.640460
-1.824951 0.464742
-1.564969 0.043712
-1.327883 0.171703
-0.577191 0.683761
-0.526507 0.721400
-1.413606 0.101197
-1.377944 0.122774
-2.082483 0.327250
-2.018822 0.330381
-2.098907 0.405519
-1.817043 -0.025231
-1.818052 -0.029714
-1.832134 -0.007926
-1.818613 -0.027055
-1.886069 0.093128
-1.809889 -0.035556
-1.827145 -0.009469
-1.843155 -0.004359
-1.882180 0.080906
-1.827034 -0.031814
-1.864335 0.022082
-2.016937 0.288532
-1.981760 0.308770
-2.082094 0.326702
0.409370 1.550081
-1.408398 0.103010
-1.274456 0.121514
-1.381481 0.113127
-1.394641 0.104268
-0.851314 0.128275
-1.132894 0.161261
-3.160093 -1.441854
-3.001213 -1.356022
-3.541611 -1.831346
-2.943262 -2.085741
-3.184990 -1.482136
-1.796343 -0.051422
-1.822122 -0.015728
-1.798522 -0.049265
-1.833661 -0.016156
-1.810061 -0.048917
-1.881923 0.042156
-1.765401 -0.083597
-1.828131 -0.010700
-1.800449 -0.035297
-1.829853 -0.024554
-1.821191 -0.028368
-1.803534 -0.042707
-1.792966 -0.053068
-1.896531 0.051115
-1.799176 -0.052510
-1.903113 0.024066
-1.757101 -0.070845
0.390817 1.565330
0.410290 1.549617
0.407170 1.551945
0.408236 1.558453
0.414678 1.549446
0.411910 1.548021
0.408723 1.549994
0.408167 1.553048
0.405171 1.553754
0.411400 1.545931
0.408163 1.554322
0.412036 1.550741
0.415145 1.544457
0.409890 1.551715
0.415559 1.548021
0.433772 1.527105
0.415335 1.546684
0.412920 1.547496
0.411035 1.544310
0.410529 1.549467
0.410524 1.549318
0.416663 1.550054
0.411174 1.549573
0.565940 -0.144617
0.774574 0.162607
0.408071 1.553358
-1.797311 0.026637
-0.225535 1.144315
-0.214795 1.147787
-0.174219 1.182259
-1.469409 -0.010189
-0.015730 -3.672390
0.002154 -3.641367
0.003312 -3.533157
0.030730 -3.714967
0.041739 -3.629700
0.013171 -3.699637
-0.004566 -3.651827
-0.011196 -3.647870
-0.013235 -3.625756
0.060094 -3.701377
-0.033894 -3.651999
-0.031011 -3.640279
-0.024285 -3.692812
0.020398 -3.630742
-0.027598 -3.673749
0.024800 -3.725147
-0.005484 -3.713446
-0.017029 -3.673424
-0.009249 -3.790879
-0.007368 -3.628504
-0.058940 -3.637511
-0.023710 -3.623829
0.044764 -3.588811
0.001720 -3.673542
-0.037140 -3.618970
-0.016864 -3.664427
-0.014983 -3.647187
-0.055920 -3.718989
0.013963 -3.637901
-0.005259 -3.675438
0.000475 -3.643539
0.016217 -3.633592
-0.009000 -3.662854
-0.023716 -3.612174
0.018348 -3.642455
0.017413 -3.685905
-0.020907 -3.685743
-0.068141 -3.725279
-0.080003 -3.730402
-0.009174 -3.681847
-0.111951 -3.640665
-0.063421 -3.890792
0.086079 -3.722144
0.002884 -3.674022
0.026226 -3.672696
0.048325 -3.689979
-0.022246 -3.689719
-0.078636 -3.693497
-0.114185 -3.722045
-0.012584 -3.648019
-0.021591 -3.681295
-0.028882 -3.721833
-0.087608 -3.578938
-0.026795 -3.658133
0.016016 -3.702219
-0.083304 -3.633590
-0.036184 -3.681706
-0.051259 -3.688795
-0.011020 -3.642159
-0.022383 -3.954517
0.018302 -3.842594
-0.006882 -3.856115
-0.007251 -3.866323
-0.059683 -3.903079
-0.047980 -3.946146
-0.015086 -3.865720
-0.008895 -3.684081
-0.013466 -3.631107
-0.006615 -3.675436
-0.026279 -3.667417
0.011904 -3.644238
0.014911 -3.795206
0.051662 -3.824270
0.014821 -3.839621
0.025024 -3.806415
-0.003621 -3.866905
-0.077840 -3.633973
-0.055484 -3.632650
-0.089652 -3.676902
-0.002602 -3.537303
-0.000717 -3.637033
0.036486 -3.713885
0.011530 -3.736285
-0.035986 -3.611445
-0.004894 -3.653085
0.050226 -3.663416
-0.009698 -3.680908
0.051930 -3.657831
-0.021559 -3.650570
0.013604 -3.610588
-0.105646 -3.453766
0.068228 -3.588521
0.041183 -3.598163
-0.009756 -3.645641
-0.035794 -3.696011
-0.053535 -3.654710
-0.013317 -3.706034
-0.009622 -3.691134
-0.027985 -3.693406
0.002899 -3.691591
0.004618 -3.545335
-0.021218 -3.633112
-0.029945 -3.836195
0.058818 -3.675182
-0.002257 -3.652800
0.003900 -3.641344
-0.060547 -3.634415
-0.094542 -3.648169
-0.038421 -3.678146
-0.081513 -3.632524
1.134015 0.215419
-0.036593 -3.597001
-0.000785 -3.683697
0.003074 -3.401917
-0.008478 -3.485362
-0.007232 -3.441662
-3.641937 -1.710526
0.239058 -3.488066
-0.021336 -3.873889
-0.025300 -3.619239
-0.046960 -3.574060
-0.036852 -3.671954
-0.042872 -3.601455
-0.055709 -3.692906
-0.048739 -3.672809
0.007226 -3.647057
-0.035966 -3.596118
-0.093919 -3.607640
-0.044620 -3.667751
-0.071948 -3.640797
0.043480 -3.597699
-0.026375 -3.669467
-0.060586 -3.544554
-0.009693 -3.674190
-0.068310 -3.705495
-0.106386 -3.730640
0.083606 -3.771637
0.053621 -3.855425
-0.026890 -3.885771
0.015554 -3.829195
0.028986 -3.789889
0.025819 -3.786715
0.033711 -3.826025
-0.048892 -3.581663
-0.052996 -3.776221
-0.095983 -3.685115
-0.056302 -3.604966
-0.045064 -3.901012
-0.097820 -3.638378
-0.231511 -2.991010
-0.171600 -3.154825
-0.180614 -3.127136
0.048574 -3.796407
-0.077999 -3.643525
-0.040641 -3.655538
0.003924 -3.696903
0.022165 -3.866140
-0.084005 -3.593786
-0.064737 -3.554622
0.027001 -3.382782
-0.028654 -3.462224
-0.000636 -3.380684
-0.085931 -3.286469
-0.088241 -3.396057
-0.073529 -3.406430
-0.045160 -3.389111
0.096036 -3.450156
0.011947 -3.630049
-0.019223 -3.885657
-0.040626 -3.918719
-0.107553 -3.514621
-0.014619 -3.633640
-0.326228 -1.020198
-0.005341 -2.755595
-0.174311 -3.920926
-0.024263 -3.591578
-0.303305 -1.070851
-0.309126 -3.501580
-0.323101 -0.960823
-0.015831 -3.815464
1.138031 0.227761
1.117761 0.233808
1.139741 0.226091
1.137940 0.226457
1.126782 0.228897
1.123365 0.227451
1.140449 0.230862
0.172598 -3.314974
0.006933 -3.431697
0.130287 -3.460198
-3.605670 -1.700748
-3.588882 -1.695703
-0.261535 1.299013
-3.700877 -1.798759
-3.491020 -1.724356
-3.756316 -1.719773
-0.266191 1.305222
-0.255251 1.303643
-0.248768 1.301885
-0.255966 1.304381
1.166526 0.200734
-3.787766 -1.792027
-3.804963 -1.753938
-0.236038 1.317923
-0.239242 1.311094
-0.212058 1.311901
0.140920 -0.818746
0.243804 -0.847087
0.211401 -0.780601
0.211042 -0.901656
0.050359 -0.859804
0.187495 -0.865041
0.226051 -0.970975
0.297218 -0.854638
0.175983 -0.723882
0.257654 -0.937451
0.117445 -0.769138
0.186801 -0.813806
0.160509 -0.718520
0.205874 -0.676954
0.172912 -0.825337
0.240238 -0.871103
0.210226 -0.519211
0.150766 -0.790721
0.196403 -0.589577
0.077762 -0.622427
0.178578 -0.663298
0.149883 -0.796319
0.129486 -0.780164
0.242607 -0.930719
0.204873 -0.919464
0.207120 -0.806309
0.125880 -0.864031
0.214597 -0.599305
0.155427 -0.834330
0.137217 -0.961094
0.225717 -0.900123
0.187337 -0.865590
0.158555 -0.944023
0.167114 -0.953512
0.146314 -0.743041
0.207282 -0.913393
0.205819 -0.840187
0.143522 -0.959937
0.172066 -0.858383
0.205296 -0.705076
0.232926 -0.768366
0.155313 -0.940202
0.180305 -0.739693
0.215355 -0.890538
0.216162 -0.847989
0.104145 -0.694010
0.258478 -0.765854
0.159988 -0.835020
0.241160 -0.748488
0.201975 -0.983859
0.280214 -0.565220
0.248675 -0.843577
0.182755 -0.872600
0.238191 -0.894799
0.154049 -0.941817
0.140550 -0.833524
0.187696 -0.830974
0.210649 -0.777295
0.193644 -0.820092
0.221921 -0.899991
0.130758 -0.833412
0.129733 -0.732211
0.132118 -0.532091
0.163958 -0.800312
0.081210 -0.868075
0.225546 -0.888006
0.157022 -0.817197
0.236580 -0.948309
0.096193 -0.573903
0.177545 -0.835634
0.211150 -0.772183
0.191555 -0.865064
0.222002 -0.929043
0.137389 -0.898871
0.253999 -0.821839
0.088016 -0.884142
0.130591 -0.749454
0.171828 -0.758480
0.202819 -0.855166
0.176429 -0.963479
0.188847 -0.850037
0.195471 -0.886197
0.214762 -0.816620
0.194103 -0.857228
0.225434 -0.836052
0.156684 -0.612322
0.122748 -0.652453
0.203369 -0.817088
0.171721 -0.794876
0.177614 -0.857222
0.225274 -0.807037
0.142090 -0.734459
0.107672 -0.664832
0.200175 -0.597263
0.139846 -0.801061
0.144859 -0.655551
0.208344 -0.437788
0.099617 -0.624840
0.232482 -0.576888
0.212614 -0.569113
0.178791 -0.413633
0.229715 -0.676942
0.253467 -0.632849
0.219283 -0.561735
0.172340 -0.729926
0.224343 -0.395190
0.164475 -0.694851
0.186514 -0.487118
0.191741 -0.438558
0.237196 -0.634150
0.236218 -0.415779
0.330497 -0.575624
1.251583 3.480161
1.256867 3.455143
1.341436 3.495785
1.306424 3.386560
1.010766 3.391801
1.308511 3.450972
1.149853 3.489872
1.065694 3.388631
1.318984 3.490715
1.201958 3.421808
1.118245 3.630459
1.332724 3.462585
1.142238 3.399044
1.110438 3.404599
1.294100 3.503560
1.301021 3.432040
1.112696 3.356912
1.280168 3.424739
1.117355 3.315165
1.326599 3.434257
1.142603 3.369759
1.071716 3.288803
1.118253 3.388042
1.302367 3.465007
1.314708 3.484558
1.132110 3.425694
1.059214 3.318607
0.979367 3.392291
1.069071 3.332239
1.098206 3.417240
1.150737 3.463714
1.077397 3.384053
1.060173 3.268160
1.016559 3.435137
1.027909 3.347965
0.966529 3.318933
1.004005 3.286287
1.053624 3.261231
0.967172 3.340544
0.983887 3.281665
0.977300 3.363788
1.037951 3.356527
1.043027 3.380527
1.017015 3.283022
1.052444 3.320963
1.006004 3.273943
1.021897 3.435448
1.033422 3.301553
1.089855 3.298000
0.987323 3.449886
1.106713 3.282229
1.051283 3.309146
0.973906 3.364867
1.000725 3.322260
0.960838 3.368448
0.971222 3.364111
1.080712 3.369196
0.980408 3.302964
0.985842 3.401180
1.071109 3.330520
1.014110 3.273280
1.060839 3.235020
1.104484 3.369921
1.018216 3.319617
1.010613 3.210277
1.030821 3.340564
0.994112 3.329416
1.025392 3.318562
1.022646 3.323673
1.018007 3.407613
1.051615 3.294310
1.019952 3.376957
1.030623 3.251558
1.047097 3.333173
0.956232 3.326166
0.950815 3.317330
1.072194 3.301636
1.006842 3.413606
1.153945 3.260159
1.089762 3.251061
1.008668 3.424374
1.081223 3.401790
1.089344 3.230407
1.089826 3.285762
1.009818 3.319666
0.967632 3.373770
0.998389 3.325839
1.060300 3.291913
1.093963 3.367885
1.018690 3.263428
1.055935 3.425063
1.109573 3.430244
1.058923 3.316472
1.117353 3.255997
0.952599 3.278198
0.979304 3.244148
1.083840 3.394837
1.126360 3.480766
0.975737 3.336149
0.990272 3.279281
1.057624 3.270300
1.152297 3.536174
0.208705 -0.553935
0.117333 -0.527118
0.173864 -0.616617
0.274611 -0.603677
0.247064 -0.414783
0.337327 -0.548611
0.190677 -0.670309
0.103986 -0.584974
0.211891 -0.684315
0.208319 -0.508406
0.137225 -0.535290
0.169371 -0.772600
0.258669 -0.690984
0.091294 -0.791184
0.215415 -0.535153
0.284746 -0.451018
0.217878 -0.876778
0.237295 -0.493633
0.149906 -0.473452
0.384093 -0.651258
0.218895 -0.542895
0.217608 -0.469165
0.218993 -0.565099
0.212320 -0.423804
0.113155 -0.548112
1.016495 3.308262
1.127907 3.446615
1.077351 3.401814
0.983253 3.266456
0.941819 3.350090
0.960777 3.363501
1.104661 3.411574
1.078081 3.434647
0.978699 3.286342
1.011852 3.344882
1.096634 3.365247
1.102694 3.325514
0.203523 -0.496366
0.252297 -0.567934
0.261836 -0.513209
0.200412 -0.547879
0.164300 -0.613600
0.108004 -0.453609
0.249158 -0.464176
0.267328 -0.719176
0.293334 -0.508981
0.284399 -0.458476
0.309757 -0.486693
0.160589 -0.576127
0.157764 -0.502195
0.123200 -0.543471
0.172861 -0.534373
0.149881 -0.452840
0.210575 -0.610166
0.153935 -0.543174
0.135114 -0.574894
0.206491 -0.468853
0.214464 -0.705662
0.136481 -0.696704
0.183463 -0.408417
0.221343 -0.492889
0.182484 -0.556912
0.075753 -0.678147
0.191128 -0.452698
0.175564 -0.402646
1.070158 3.154390
0.154312 -0.672110
0.968898 3.326124
0.251282 -0.530892
0.236937 -0.588819
0.236051 -0.521828
0.178200 -0.487125
0.111801 -0.467967
0.177864 -0.714642
0.404512 -0.072713
0.176879 -0.563790
0.244174 -0.606885
0.182066 -0.895666
1.031925 3.312408
1.024569 3.336178
1.118418 3.389592
1.051632 3.315091
1.097659 3.457209
1.089602 3.277250
0.992217 3.321201
1.043030 3.306508
0.947607 3.334255
1.024456 3.465600
0.964823 3.234989
0.995631 3.298678
1.051484 3.375877
1.025980 3.410930
1.086692 3.363080
1.072233 3.373992
1.027191 3.324518
1.041242 3.384185
1.027343 3.401886
1.140751 3.335839
1.043355 3.480588
0.973366 3.397228
1.039157 3.363660
1.041512 3.409717
1.135161 -0.180038
1.136671 -0.169976
1.134485 -0.194754
1.136004 -0.187475
1.123065 -0.175253
1.141953 -0.175055
1.133223 -0.170695
1.127456 -0.172474
1.140828 -0.175551
1.136493 -0.176237
1.130788 -0.192588
1.143549 -0.168137
1.132468 -0.175938
1.134252 -0.173856
1.144613 -0.179690
1.126822 -0.183246
1.146536 -0.171150
1.151282 -0.173921
1.148602 -0.180457
0.276640 -0.423488
0.007566 -0.444794
0.088519 -0.356138
0.120813 -0.353951
0.218371 -0.318527
0.119788 -0.798276
0.138330 -0.903781
0.071266 -0.901663
0.122686 -0.751370
0.301484 -0.902134
0.219760 -0.903909
0.233748 -0.791412
0.086626 -0.949834
0.270641 -0.573918
0.137912 -0.458673
0.254877 -0.957231
0.156784 -0.904619
1.158443 3.499528
1.029204 3.452468
0.978598 3.387951
1.040544 3.352254
1.084067 3.429763
1.005347 3.445997
1.050049 3.278591
0.971995 3.380985
0.159634 -0.935024
0.074034 -0.901938
0.498340 -0.903179
0.146351 -0.559344
0.209789 -0.523942
0.252791 -0.497343
0.183497 -0.440045
0.159258 -0.455032
0.141771 -0.463320
0.095069 -0.429943
0.152063 -0.455342
0.347476 -0.674440
0.227601 -0.460878
1.252466 3.481048
1.207075 3.496798
1.127728 3.361068
-0.009288 -0.509347
0.264555 -0.336973
-0.034876 -0.167088
0.514091 -0.961971
1.090025 3.431139
1.079548 3.250306
1.013125 3.385017
0.175291 -0.656289
1.023062 3.354030
1.083400 3.370741
1.108746 3.449315
1.055864 3.439996
1.077057 3.447833
1.057510 3.478415
1.143688 3.349067
1.064039 3.377319
1.140523 3.421549
1.129280 3.356537
1.102679 3.341079
1.078494 3.497698
1.025070 3.328937
1.069292 3.430650
1.047988 3.463284
1.052975 3.409551
1.026153 3.397493
1.024246 3.325789
1.050811 3.368257
1.078604 3.402319
1.150659 3.472109
1.036661 3.437491
1.073013 3.322080
1.027815 3.424423
1.076166 3.435796
0.235379 -0.307507
0.242286 -0.390563
0.325138 -0.721951
0.338838 -0.503498
0.178641 -0.314330
0.221174 -0.432334
1.093472 3.402025
1.092571 3.357737
1.133272 3.474184
1.295622 3.499035
1.180773 3.435811
1.070221 3.377313
1.229112 3.474517
1.272644 3.510548
1.185881 3.452525
0.107338 -0.420371
0.191795 -0.338583
0.004484 -0.299590
-0.047385 -0.300228
0.038658 -0.387315
0.041597 -0.375171
0.138177 -0.636748
0.236965 -0.576852
0.214566 -0.777176
0.231012 -0.723637
0.205080 -0.778699
0.245437 -0.742188
0.137097 -0.743569
0.220411 -0.717453
0.147810 -0.708226
0.078431 -0.351809
0.237606 -0.603329
0.224409 -0.514418
0.339817 -0.458086
0.326518 -0.635141
0.235322 -0.448055
0.244164 -0.613195
0.071694 -0.418430
1.175186 3.355534
0.234222 -0.457068
0.195208 -0.414096
0.359926 -0.469568
0.301770 0.393250
0.288395 0.397054
0.329408 0.386565
0.170590 -0.326835
0.098708 -0.718457
-0.042918 -0.020482
0.272669 -0.348510
0.020630 -0.017515
1.098940 3.343658
1.256319 3.427588
1.162742 3.456666
1.078137 3.349509
0.968736 3.334655
0.085938 -0.436810
0.131297 -0.402524
0.248892 -0.360640
0.145495 -0.409271
0.080195 -0.421166
0.164376 -0.405459
0.044750 -0.374692
0.292966 -0.476872
-0.011622 -0.584355
0.248469 -0.773858
1.118679 3.424384
0.197852 -0.389709
0.054907 -0.525275
0.568804 -0.359500
0.156640 -0.548763
0.227760 -0.619452
0.080182 -0.558793
0.334925 -0.666459
0.225418 -0.556416
0.177459 -0.772776
0.102597 -0.492135
0.316105 -0.457030
0.222290 -0.712317
0.341645 -0.481168
0.189794 -0.400917
1.083446 3.439835
0.335853 -0.489286
0.287061 -0.595526
0.085729 -0.581762
0.005035 -0.660754
1.265686 3.495775
1.317121 3.496635
0.265812 -0.384714
0.217858 -0.641203
0.263095 -0.375738
0.127107 -0.426699
-0.060671 -0.457895
0.219245 -0.339532
0.221481 -0.810758
0.160723 -0.691560
0.281659 -0.460366
0.241333 -0.343081
0.212506 -0.286072
0.164987 -0.360329
0.224463 -0.346310
0.180192 -0.816367
0.120080 -0.736592
0.123864 -0.451745
0.197847 -0.467930
0.249506 -0.913578
0.105369 -0.476167
0.219489 -0.522739
0.322042 -0.745091
0.103851 -0.795383
0.223412 -0.722371
0.138818 -0.727498
0.171953 -0.788260
0.084311 -0.773769
0.171903 -0.722025
0.250658 -0.735599
0.071343 -0.580596
0.079985 -0.326140
0.341442 -0.711427
0.320063 -0.689130
0.134091 -0.469177
0.090474 -0.821960
0.132819 -0.814512
0.120749 -0.834494
0.193834 -0.953693
0.265889 -0.762730
0.225584 -0.853625
0.243619 -0.740151
0.171982 -0.898034
0.232119 -0.870841
0.213255 -0.707694
0.287272 -0.976632
0.262367 -0.492557
0.286282 -0.326996
0.003077 -0.355663
0.331481 -0.431772
0.311004 -0.387697
0.181010 -0.381639
0.219337 -0.612463
0.155388 -0.542388
0.059963 -0.305553
0.194759 -0.370843
0.350516 -0.444264
1.295398 3.475280
1.383418 3.519749
0.199999 -0.438891
1.168063 3.305185
1.196782 3.325569
0.956773 3.323452
1.118016 3.364871
0.096258 -0.435406
0.147438 -0.425456
0.149982 -0.373302
0.329557 -0.700318
0.144673 -0.321992
1.749241 -2.015267
1.749475 -2.012775
1.746354 -2.016398
1.743131 -2.002768
1.746145 -2.011346
1.745533 -2.012053
1.745448 -2.010777
1.744636 -2.013783
0.184178 -0.827879
0.028446 -0.239386
0.237391 -0.512095
0.269729 -0.617447
0.242332 -0.183025
0.083406 -0.725640
0.054627 -0.170296
0.275527 -0.465351
0.370557 -0.506643
1.075582 3.329233
1.154518 3.412660
1.011827 3.427396
1.021401 3.303267
0.276257 -0.702932
0.228767 -0.787137
1.249475 3.545573
1.221288 3.511256
0.172974 -0.513308
0.217818 -0.859549
0.204443 -0.760779
0.334349 -0.601111
1.090403 3.321738
1.654574 -1.846130
1.034110 3.306617
1.040527 3.328358
1.189191 3.487922
0.130063 -0.939501
1.125598 3.326181
0.132108 -0.361070
0.377785 -0.436086
0.389712 -0.488834
0.283391 -0.432871
0.218961 -0.618692
0.394685 -0.496119
-1.188385 -1.594249
-1.185513 -1.604633
-1.185005 -1.590611
-1.180528 -1.597107
-1.180315 -1.600349
-1.184590 -1.599816
1.678736 -1.842550
1.681045 -1.853226
1.671620 -1.835371
1.679635 -1.848736
1.858734 -1.995523
1.183540 3.468279
0.145539 -0.762468
0.112118 -0.656138
0.402097 -1.106005
0.113596 -0.121889
1.855806 -1.993833
1.459865 3.380365
0.338268 -0.720928
1.297076 -1.592135
1.667617 -1.851732
1.674537 -1.848445
1.676451 -1.844385
1.655850 -1.843632
1.661432 -1.844453
1.688892 -1.864056
1.095641 3.262848
0.061951 -0.069368
0.021380 -0.082238
0.151207 -0.062945
0.057085 -0.047241
0.025463 -0.101030
1.369327 3.517787
1.162161 3.475225
1.206786 3.479873
1.200173 3.466210
0.131467 -0.609775
0.295047 -0.446685
0.285204 -0.411049
0.177637 -0.608864
0.265663 -0.413391
-0.262560 -0.948263
1.653655 -1.799058
0.242482 -0.371227
0.147093 -0.795326
0.297471 -0.403609
0.566136 -0.864023
0.308054 -0.995099
0.313403 -0.867306
1.273379 3.483439
0.006377 -0.045801
0.000126 0.005809
0.011357 -0.004577
-0.001862 0.014702
0.025969 0.001500
-0.006385 0.017550
0.013863 0.010925
0.141465 -0.060615
0.192960 -0.440081
0.351062 -0.397746
0.411885 -0.907413
0.334142 -0.950305
0.378360 -0.899763
0.356066 -0.961479
0.413366 -0.938842
0.053346 -0.044055
0.102306 -0.102610
0.068921 -0.081189
0.052189 -0.138492
-0.043866 -0.377558
1.310042 3.271102
1.072311 3.541931
0.198885 -0.392495
-0.057944 -0.381377
0.476427 -0.846607
0.266097 -0.259060
0.096806 -0.234656
0.259519 -0.699177
1.089145 0.147453
1.405362 0.417629
4.347661 1.028045
4.364567 1.096496
4.360953 0.922201
4.104017 0.300761
4.129232 0.280516
4.097642 0.302849
4.062027 0.326969
4.118721 0.302011
4.110354 0.298815
4.123279 0.292698
4.127559 0.346631
4.065217 0.314929
4.064342 0.245348
4.033382 0.240618
4.075511 0.288048
4.082580 0.288640
4.119691 0.343958
4.056163 0.265559
4.071311 0.303392
4.006793 0.380425
4.103574 0.314735
4.134211 0.250791
4.066113 0.247101
4.098288 0.278312
4.056229 0.272711
4.071536 0.310418
4.056879 0.277261
4.086027 0.260362
3.414190 1.076690
3.491239 1.075898
3.402637 1.038823
3.443726 1.096789
3.461591 1.084092
3.444914 1.069567
3.409196 1.070928
3.335542 1.010847
3.421838 1.056442
3.495374 1.091044
3.435212 1.042465
4.157351 1.314633
4.435649 1.307652
4.269948 1.295340
4.293153 1.139677
4.494001 1.108732
4.492363 1.357412
4.322737 1.169807
5.611764 2.091678
5.479603 2.039753
5.361897 2.118446
5.518040 2.203994
5.724178 2.033964
5.363984 2.190424
5.425808 2.068826
5.344294 2.060678
5.547857 2.153999
5.544051 2.024604
5.553031 2.086111
5.627598 2.133822
5.386352 2.105196
5.520242 1.966994
5.437006 2.213695
5.478109 2.236825
5.368600 2.139003
5.541370 2.163499
5.611973 1.936569
5.533258 1.972844
5.631917 1.943039
5.419370 2.204623
5.601961 1.992481
5.290395 2.187775
5.698312 2.173028
5.380783 2.117785
5.449769 1.884541
5.599690 2.052292
5.419950 2.080240
5.411591 2.095097
5.427572 2.103768
5.391768 2.025038
5.462800 2.052581
5.670782 2.071988
5.586516 2.205492
5.479977 2.154686
5.559832 2.215046
5.608811 2.110985
5.586863 1.914938
5.439776 2.071173
5.435253 1.893631
5.432580 2.158983
5.686944 1.956691
5.524979 2.046405
5.478582 2.014711
5.529163 2.227559
5.514198 2.018652
5.515636 2.210635
5.666352 2.018861
5.401252 2.149227
5.632599 2.126175
5.484458 1.937528
5.368528 1.877601
5.536415 2.188305
5.487443 2.214982
5.369765 2.044717
5.438358 2.014580
5.500119 1.952194
5.653043 2.029890
5.527718 2.304973
5.329158 2.189191
5.429179 2.136405
5.640245 2.047319
5.495624 1.854542
5.409490 2.197406
5.697457 1.972564
5.683403 2.086156
5.636997 2.119230
5.346064 2.165419
5.455218 2.251998
5.366499 2.154340
5.535641 2.156385
5.485538 1.973098
5.465720 2.235832
5.646587 2.215836
5.413490 2.210900
5.514013 2.222016
5.536877 2.066292
5.470861 2.217169
5.411799 2.031427
5.741755 2.170174
5.452766 1.994906
5.384425 2.172414
5.577256 1.939264
5.539453 2.017719
5.567444 1.968774
5.620673 2.153168
5.553709 1.993393
5.538744 2.229750
5.663960 1.938498
5.595499 2.081893
5.423362 2.263876
5.551920 1.972118
5.495107 2.051818
5.660837 2.038912
5.426605 2.017226
5.571021 1.970265
5.596743 2.103550
5.591484 2.033324
5.693402 2.052020
5.316448 1.905767
5.435845 1.917338
5.546747 2.189149
5.627910 2.200743
5.628723 1.924892
5.437785 2.170972
5.628764 2.015962
5.566621 2.194802
5.600627 2.230337
5.339277 2.122875
5.514974 1.954939
5.557033 1.930542
5.458488 2.113238
5.496019 2.099907
5.531274 1.991794
5.553890 2.250639
5.571042 2.078778
5.343997 1.894578
5.503572 2.067035
5.417959 2.063821
5.474877 2.181023
5.612020 2.084164
5.595957 2.079931
5.463632 2.125585
5.661313 2.021904
5.516612 2.073401
5.526942 2.068907
5.554465 2.119667
5.629432 2.031857
5.667723 1.982613
5.493246 2.200179
5.567271 2.199432
5.591074 2.100594
5.478348 2.074143
5.481049 2.057868
5.481973 2.131119
5.400912 2.138454
5.447117 2.084868
5.604133 2.015187
5.548838 2.053941
5.354938 1.878024
5.365868 2.054909
5.390811 2.019955
5.428823 2.153716
5.381790 2.180367
5.632923 2.141837
5.543942 2.327669
5.393103 2.102059
5.463453 2.018220
5.659751 2.021631
5.428546 1.957835
5.561693 2.011367
5.523498 2.119236
5.501273 1.901877
5.510245 2.195252
5.480649 2.325518
5.368845 1.975184
5.496057 1.904679
5.479022 2.203228
5.651291 2.328199
5.431366 1.963016
5.589449 2.088040
5.519145 2.103226
5.493268 1.975042
5.588078 1.917565
5.579187 2.160603
5.490370 1.960650
5.432477 2.292068
5.477805 2.020636
5.469321 2.030675
5.604075 1.998989
5.586690 2.081353
5.480070 2.101953
5.575944 2.253579
5.425674 2.120021
5.445028 2.203293
5.440025 1.963755
5.479212 1.876055
5.401930 1.869288
5.438212 1.979395
5.536203 2.242428
5.640104 2.150686
5.327643 2.073529
5.487478 2.150141
5.530383 2.116143
5.482002 2.159351
5.518856 1.895922
5.533194 2.190589
5.699164 2.029607
5.530206 2.229148
5.599660 2.200131
5.683045 2.110932
5.514839 1.945871
5.648318 2.131652
5.391455 1.924025
5.354767 2.041617
5.403306 2.297088
4.073915 0.274720
4.053652 0.254035
4.058759 0.315566
4.084689 0.297877
4.108984 0.372670
4.088131 0.329652
4.105659 0.306400
4.075832 0.270412
4.079588 0.315338
4.051831 0.279283
4.495734 1.195691
4.489339 1.237367
4.561625 1.167788
4.361007 1.470767
4.620209 1.169688
4.034813 0.237256
4.101985 0.270573
3.460982 1.064830
3.403440 1.076764
3.409795 1.024277
3.521064 1.118872
3.409462 1.072749
3.492803 1.037830
3.414653 1.067731
4.168292 1.172971
4.293805 1.152378
4.027873 1.157506
4.040648 1.387578
4.099337 1.142337
4.178277 1.267358
4.105544 1.242851
4.111425 1.229061
4.167764 1.253791
4.109093 1.178837
4.267138 1.173255
4.174008 1.245834
4.126997 1.213115
4.091173 1.176570
4.215141 1.374569
4.101125 1.231012
4.135366 1.186169
4.060863 1.211143
4.081817 1.186614
4.090550 1.207235
4.038224 1.202135
3.968935 1.178024
4.243591 1.230784
4.098287 1.163940
4.021245 1.189896
4.350827 1.223010
4.115379 1.223061
4.010090 1.208605
4.364083 1.963954
4.423678 1.929404
4.368556 2.041646
4.392900 2.075703
4.379254 2.064067
5.445732 2.198673
5.342665 2.220825
5.468929 1.797559
5.494706 2.115173
3.954304 1.151225
4.258156 1.290942
4.538101 1.249946
4.006243 1.199789
4.206942 1.242846
3.995673 1.198146
4.485991 1.247261
4.069128 1.194002
4.017941 1.240487
3.990281 1.142295
4.128266 1.196090
4.368532 1.297420
4.283652 1.240835
4.496620 1.116453
3.382650 1.103041
3.717773 1.141598
4.039158 1.209154
4.139895 1.214559
3.584349 1.130675
3.908379 1.188992
4.077339 0.282887
4.102644 0.331153
5.425521 2.148301
5.466259 2.020904
3.530460 1.146714
3.474272 1.105555
3.434814 1.098738
3.547002 1.145259
3.433424 1.096575
3.423241 1.150596
3.458896 1.083016
3.421132 1.080101
3.477129 1.098139
3.441371 1.031368
3.419821 1.110256
3.435181 1.079497
3.343195 1.017961
3.500050 1.097627
3.505553 1.141939
3.431658 1.024665
3.456662 1.048650
3.438314 1.108307
3.425439 1.066098
3.461214 1.095306
3.476532 1.087497
3.489199 1.073123
3.479903 1.101242
3.435611 1.079360
3.454732 1.108539
3.479128 1.115283
3.472455 1.074963
3.418715 1.051456
3.434707 1.097896
3.482214 1.117212
3.382027 1.097067
3.476887 1.107313
3.494560 1.063569
3.457568 1.117046
3.438523 1.057412
3.437232 1.037622
3.363780 1.067775
5.551168 1.949238
5.318433 1.843015
5.396340 1.922229
5.288992 2.062184
5.471224 2.179261
5.440033 1.916327
4.432627 1.078144
4.484856 1.084054
4.423491 1.174398
4.486515 1.064547
4.521321 1.058008
4.560836 1.144793
4.508844 1.137309
4.532561 1.320117
4.493162 1.069504
4.576708 1.132619
4.508864 1.127354
4.589172 1.254344
4.377343 1.428288
4.811102 1.607590
4.124635 1.207005
5.675098 1.829441
5.320208 1.671745
5.538856 1.765518
5.285266 1.977501
4.768057 1.880201
5.300969 1.709295
5.355793 1.752179
5.375317 1.873765
5.363910 1.753682
5.284084 1.876759
5.253929 1.785052
5.700806 2.267023
5.288796 2.085444
5.316833 1.863122
4.078261 1.019195
5.540785 2.228903
5.713998 2.184624
3.381631 1.054613
3.407121 1.066524
3.507901 1.070975
3.517782 1.137560
3.531998 1.094456
3.983868 0.176909
4.030123 0.226218
4.104037 0.305758
4.585876 1.481244
2.852271 1.078938
2.836317 1.084199
3.045982 1.093714
2.826157 1.081783
3.389405 1.099138
2.891949 1.082319
2.622380 1.067410
3.263615 0.993774
4.479927 1.329140
4.506512 1.028216
3.458852 1.047889
3.450768 1.086046
3.451265 1.078425
3.463416 1.081293
3.433630 1.039561
3.426340 1.137679
3.467823 1.082588
3.477048 1.104510
3.412766 1.108448
3.450227 1.079066
3.543187 1.100708
3.470096 1.086168
3.376307 0.913708
3.440862 1.097502
3.454765 1.085763
3.416950 1.133980
2.977296 1.079501
3.094869 1.084978
3.900897 1.203056
3.702195 1.138460
3.962812 1.176099
3.938521 1.120535
3.940983 1.182784
3.721287 1.192387
4.160161 1.201301
5.155082 1.784252
3.852157 1.204027
4.119091 1.348472
3.818275 1.200418
4.096703 1.166000
4.019691 1.127317
3.528307 1.122040
5.425564 1.865661
5.440776 1.763998
4.470210 1.512957
4.101805 0.304458
3.474906 1.092577
3.412120 1.025179
3.941897 1.055687
4.630175 1.753911
4.344514 2.005528
4.383106 2.069244
5.371044 1.929112
4.290180 1.176734
4.251438 2.018615
4.370869 1.995352
4.332361 2.064244
4.347168 2.096549
4.327471 2.069631
4.337367 2.098399
4.331963 2.067470
4.419034 2.055438
4.345776 2.044175
4.372469 2.085828
4.409912 2.082074
4.257678 2.104385
3.709381 1.336548
3.570713 1.233709
3.611677 1.269112
5.593568 2.274268
4.430128 1.267307
3.601962 1.090860
3.386041 1.095408
2.782345 1.169640
3.342923 1.070693
3.309620 1.102196
3.263630 1.067027
2.997713 1.077075
2.973077 1.073752
3.440695 1.088871
3.482619 1.144982
5.369892 2.376241
3.383962 1.050213
3.705182 1.131786
3.452874 1.083230
4.278781 1.336806
3.346186 1.093861
3.339918 1.095170
3.391312 1.118768
3.368652 1.079454
3.274222 1.072353
4.620798 1.047766
5.343863 1.820484
4.542281 1.204473
4.529052 1.129979
3.424261 1.053560
2.846123 1.085903
2.727253 1.084932
3.754755 1.043158
3.819387 1.067709
3.198971 1.060715
3.299299 1.061751
3.394118 1.055516
2.916502 1.063122
2.723538 1.006749
3.391242 1.113366
3.292746 1.059934
3.310004 1.055628
3.243351 1.071620
3.289932 1.051827
3.328022 1.053996
3.264537 1.046416
3.380081 1.065537
3.276949 1.039603
3.281726 1.039339
3.502051 1.070032
3.281853 1.019320
3.318207 1.026294
1.135830 1.099087
3.256523 0.944030
1.022001 1.044754
0.960775 0.960702
-3.722925 -1.776216
-3.631553 -1.711219
-3.777594 -1.789579
-3.824453 -1.764789
-2.747538 -2.296072
-3.801120 -1.779115
-3.759449 -1.737635
-3.750472 -1.775685
-3.770799 -1.774045
-3.668960 -1.768934
-3.706387 -1.775312
-3.707631 -1.784919
-3.843333 -1.720136
-3.762679 -1.795359
-3.770719 -1.808502
-2.440547 -1.497414
-2.436390 -1.473838
-2.457596 -1.539982
-2.472659 -1.534151
-2.606309 -1.616809
-2.417056 -1.476963
-2.454416 -1.554481
-2.484657 -1.546312
-2.478958 -1.619402
-3.678439 -1.745115
-3.691721 -1.736379
-3.718190 -1.792286
-3.798182 -1.796427
-3.734217 -1.778466
-3.871291 -1.765802
-3.700766 -1.744977
-3.781946 -1.799161
-3.079859 -2.116727
-2.280498 -1.391075
-2.325552 -1.317382
-2.333574 -1.325390
-1.857460 -2.189241
-2.344818 -1.321809
-2.305268 -1.354007
-3.069722 -1.764292
-3.072017 -1.775671
-3.069048 -1.735638
-3.094984 -1.736602
-3.087300 -1.708709
-3.040749 -1.723645
-3.002510 -1.748528
-2.958130 -1.786465
-3.074770 -1.764748
-3.040036 -1.747394
-3.039790 -1.752569
-3.050237 -1.763289
-3.091486 -1.744741
-3.066942 -1.747350
-3.092185 -1.778250
-3.176115 -1.717898
-3.058788 -1.760028
-2.870456 -1.970197
-2.945585 -1.911924
-3.138068 -1.735313
-3.130697 -1.740317
-3.082376 -1.728454
-2.968775 -1.744135
-2.801873 -1.812256
-3.091038 -1.752152
-3.111167 -1.588325
-3.017555 -1.720360
-2.552458 -1.668165
-3.054639 -1.747973
-3.171921 -1.732006
-3.011708 -1.774318
-3.101161 -1.751351
-3.066430 -1.754371
-3.115068 -1.746063
-3.060355 -1.737949
-3.237121 -1.745690
-3.133368 -1.683910
-3.104702 -1.724982
-3.030321 -1.766252
-3.130033 -1.978890
-3.199566 -1.748891
-3.078945 -1.730089
-3.106259 -1.768628
-3.067283 -1.744074
-3.056352 -1.734167
-3.002532 -2.191730
-3.036173 -2.202739
-2.939601 -2.202120
-2.931475 -2.304186
-2.860307 -2.295156
-2.896593 -2.263763
-2.926076 -2.173743
-3.003121 -2.207396
-2.984621 -2.215846
-2.879482 -2.291225
-2.956916 -2.272721
-2.960207 -2.196440
-3.040402 -2.063971
-2.984451 -2.196754
-3.061102 -2.177995
-2.880985 -2.294457
-2.967658 -2.218504
-3.026659 -2.200758
-2.996075 -2.212126
-2.984792 -2.220053
-3.030912 -2.218758
-2.982583 -2.235580
-2.751232 -2.082050
-2.904867 -2.072201
-2.850590 -2.067423
-2.922802 -2.155409
-1.843833 -2.189601
-1.850855 -2.191961
-1.853018 -2.189207
-1.934035 -2.169055
-1.857356 -2.186717
-1.860730 -2.182829
-2.346262 -1.324398
-2.320335 -1.313475
-2.348594 -1.321194
-2.378978 -1.327974
-2.332335 -1.305346
-2.330956 -1.321998
-2.312996 -1.292192
-2.328977 -1.318192
-2.329393 -1.333870
-2.327522 -1.313650
-2.325301 -1.306630
-2.341724 -1.321594
-2.327867 -1.318154
-3.784900 -1.822696
-3.850237 -1.820817
-3.781763 -1.788821
-3.857658 -1.787862
-3.907977 -1.695970
-3.819123 -1.753508
-3.833201 -1.723648
-3.724187 -1.771232
-3.899883 -1.724968
-3.819705 -1.803657
-3.824950 -1.777502
-3.807099 -1.701005
-3.718940 -1.841565
-3.823842 -1.770359
-3.717385 -1.870813
-3.693195 -1.783017
-3.885359 -1.733021
-3.851686 -1.721332
-3.862864 -1.759665
-3.802049 -1.767027
-3.755651 -1.745955
-3.680679 -1.737549
-3.692658 -1.748507
-3.792025 -1.733425
-3.764256 -1.754876
-3.879282 -1.758034
-3.860826 -1.798829
-3.821192 -1.775747
-3.766020 -1.759219
-3.835961 -1.761683
-3.923926 -1.704589
-3.879383 -1.771625
-3.858427 -1.755337
-3.919503 -1.741149
-3.776146 -1.833575
-3.901076 -1.721508
-3.856403 -1.720766
-3.822703 -1.822724
-3.832330 -1.774348
-3.821496 -1.762467
-3.810041 -1.737763
-3.902428 -1.650041
-3.789235 -1.794422
-3.477953 -1.876882
-3.363938 -1.785911
-3.063321 -1.831324
-3.791372 -1.870782
-3.080283 -1.720582
-3.068525 -1.822709
-3.063311 -1.744410
-3.082769 -1.751109
-3.123247 -1.712328
-3.095678 -1.734684
-3.877431 -1.757910
-3.869249 -1.756455
-3.803097 -1.780939
-3.878072 -1.725231
-3.877456 -1.764594
-3.727925 -1.708234
-3.914931 -1.689539
-3.732137 -1.725924
-3.871137 -1.764477
-3.927875 -1.785610
-2.872462 -2.303706
-2.868568 -2.288324
-2.881229 -2.303125
-2.849884 -2.282970
-2.867225 -2.299344
-2.857771 -2.321431
-2.860048 -2.323843
-2.848310 -2.342629
-2.895465 -2.278172
-2.883200 -2.338137
-2.904709 -2.280773
-2.852920 -2.299495
-2.859751 -2.286585
-2.953409 -2.271524
-2.861429 -2.317667
-2.937741 -2.229602
-2.862977 -2.335086
-2.797653 -2.274645
-2.858722 -2.304121
-2.885327 -2.269636
-2.887501 -2.290507
-2.978446 -2.216220
-2.916606 -2.215832
-2.915223 -2.260221
-2.942457 -2.273920
-2.930745 -2.267327
-2.908359 -2.326076
-2.828337 -2.203185
-2.906429 -2.227450
-2.346324 -1.323886
-3.011727 -2.181190
-2.940193 -2.249096
-2.877971 -2.301121
-3.011952 -2.218224
-2.939463 -2.249790
-2.921829 -2.249980
-2.934030 -2.211412
-2.882581 -2.222423
-2.876855 -2.287611
-2.930896 -2.308672
-2.945221 -2.259308
-3.841748 -1.731547
-3.786107 -1.734839
-3.830499 -1.748422
-2.901887 -2.251421
-2.833859 -2.328796
-2.865899 -2.274427
-2.894415 -2.313072
-2.927670 -2.242661
-2.868134 -2.298516
-2.880573 -2.291854
-2.853904 -2.286593
-2.880275 -2.299048
-2.884248 -2.287439
-2.838728 -2.240713
-3.018444 -2.215544
-2.879028 -2.278222
-2.933396 -2.199800
-2.925466 -2.291224
-2.943071 -2.247741
-2.942255 -2.269720
-2.966112 -2.228873
-3.026733 -2.126020
-2.946286 -2.000277
-2.914466 -2.241579
-3.059265 -2.169042
-2.960095 -2.202343
-2.450225 -1.857017
-2.440109 -1.867155
-2.441980 -1.877033
-2.508904 -1.886109
-2.430839 -1.858580
-2.405495 -1.840529
-2.534144 -1.911034
-2.524792 -1.905392
-2.469323 -1.889333
-2.427121 -1.862723
-2.424289 -1.849291
-2.465097 -1.888738
-2.434120 -1.856926
-2.482433 -1.858933
-2.415653 -1.848631
-2.873527 -2.366350
-2.992511 -2.270037
-3.607123 -1.868725
-2.921522 -2.289011
-2.892344 -2.384376
-2.876392 -2.312742
-2.916830 -2.315654
-2.959966 -2.234605
-2.954745 -2.265274
-2.930302 -2.298626
-2.947503 -2.229683
-2.933559 -2.209575
-3.655665 -1.813435
-3.846090 -1.735403
-3.764690 -1.761188
-3.824113 -1.814861
-3.749253 -1.774928
-3.669577 -1.799286
-3.168789 -1.775452
-3.110656 -1.747445
-3.250959 -1.734807
-1.862071 -2.188734
-1.859791 -2.188390
-1.883999 -2.180231
-1.854947 -2.186842
-1.861884 -2.192899
-1.858803 -2.185486
-1.859655 -2.188917
-1.844647 -2.179261
-1.850673 -2.191866
-1.855124 -2.190499
-1.856609 -2.186299
-2.769254 -1.778608
-2.733833 -1.766529
-3.725796 -1.624712
-3.571706 -1.742880
-3.849824 -1.757028
-3.885276 -1.657929
-2.748261 -1.763379
-2.748646 -1.755206
-2.799900 -1.779634
-2.736749 -1.763589
-2.789915 -1.912679
-2.759547 -1.778506
-2.761602 -1.761917
-2.775914 -1.745794
-2.769857 -1.735522
-2.731250 -1.735738
-2.733956 -1.749487
-2.742955 -1.756649
-2.929531 -1.741823
-2.762862 -1.760345
-3.494187 -1.812276
-3.461967 -1.826473
-3.508050 -1.813534
-3.470148 -1.827381
-3.493007 -1.816355
-3.458596 -1.826739
-3.476954 -1.851181
-3.495427 -1.814470
-3.506242 -1.822417
-3.499209 -1.807876
-3.518154 -1.784202
-3.574622 -1.796744
-3.524340 -1.810111
-3.513400 -1.805380
-3.772334 -1.822303
-3.772670 -1.733185
-2.741664 -1.836785
-2.875805 -2.319994
-2.784077 -2.394346
-2.931099 -2.266422
-2.879369 -2.320928
-3.727124 -1.748333
-3.861276 -1.766612
-3.847297 -1.777282
-3.915787 -1.773133
-2.948451 -2.351146
-2.838060 -2.330004
-2.881397 -2.330355
-2.852259 -2.310516
-2.805639 -2.364105
-2.848701 -2.253163
-2.897931 -2.291108
-3.417985 -1.692074
-3.188949 -1.514459
-3.193742 -1.481274
-3.380457 -1.760782
-2.896612 -1.431345
-3.126346 -1.645090
-3.870579 -1.759150
-3.820971 -1.769674
-2.847703 -2.353492
-2.839966 -2.389020
-2.904530 -2.330359
-2.323452 -1.356048
-2.333866 -1.316138
-3.718417 -1.840163
-3.598032 -1.771312
-2.857296 -2.318478
-2.901211 -2.258436
-3.389848 -1.982431
-3.733095 -1.768697
-3.793686 -1.681599
-3.771008 -1.646815
-2.924059 -2.294254
-2.895922 -2.288491
-2.900830 -2.247952
-2.834363 -1.794339
-2.752384 -1.755110
-3.593570 -1.730420
-3.526412 -1.661067
-3.603716 -1.647477
-3.542509 -1.613632
-3.631687 -1.789955
-3.592614 -1.683844
-3.837677 -1.736762
-3.841836 -1.532012
-3.872252 -1.702494
-3.690858 -1.795013
-3.795442 -1.745518
-2.953575 -2.240364
-2.858821 -2.287142
-2.858172 -2.307791
-2.930464 -2.236785
-2.861885 -2.302768
-2.743789 -2.363087
-2.720883 -1.664331
-2.414902 -1.493479
-3.886467 -1.765836
-3.895045 -1.781805
-3.872498 -1.750831
-3.068085 -1.727614
-3.528750 -1.641568
-3.595213 -1.771265
-3.727924 -1.876738
-3.707455 -1.719932
-3.851778 -1.802656
-3.739606 -1.796545
-3.507573 -1.865552
-3.728587 -1.854879
-2.943501 -2.078373
-2.397195 -1.286237
-2.341051 -1.329459
-2.331841 -1.328297
-2.701168 -2.070414
-2.778410 -2.257186
-1.864957 -2.186427
-2.937730 -2.241148
-2.896091 -2.377326
-3.505107 -1.844105
-3.398896 -1.853152
-3.527225 -1.816270
-2.290857 -1.317016
-2.324529 -1.310459
-2.321260 -1.307289
-3.949203 -1.589890
-3.726311 -1.640606
-3.603076 -1.765778
-3.943247 -1.515682
-3.879173 -1.712161
-3.836857 -1.871114
-3.824069 -1.799630
-2.927047 -1.921828
-3.104659 -2.080980
-2.868998 -2.307745
-2.822165 -2.281322
-2.416335 -1.855958
-2.400697 -1.828575
-3.669456 -1.770260
-2.938065 -2.178258
-3.865321 -1.690675
-3.673883 -1.625062
-3.617656 -1.680140
-3.809180 -1.719308
-2.313679 -1.374235
-3.464794 -1.899210
-3.577449 -1.764519
-3.546503 -1.877869
-3.336609 -1.600387
-3.431119 -1.947051
-2.490001 -1.563503
-2.449784 -1.505100
-3.867685 -1.822685
-3.812403 -1.721076
-2.322782 -1.309891
-2.655224 -1.572120
-2.641421 -1.577118
-3.629895 -1.613305
-2.940847 -2.096688
-2.608959 -1.526396
-2.663548 -1.468259
-3.825312 -1.722448
-2.880409 -2.248651
-2.946584 -2.223793
-2.732157 -2.154505
-2.827546 -2.187169
-2.430331 -1.857565
-3.746588 -1.738115
-3.464658 -1.471749
-3.589935 -1.650765
-2.621770 -1.607328
-2.618523 -1.636572
-2.591133 -1.616208
-3.095852 -1.988076
-3.123342 -1.991089
-0.318629 -0.159121
-0.314515 -0.172259
-3.058381 -0.649444
-2.587788 -1.052449
-1.906472 -0.749213
-2.708707 -1.740561
-2.610622 -2.298294
-2.451168 -1.808320
-0.065579 1.177673
-0.107915 1.176919
-0.065812 1.177308
-0.099887 1.176484
-0.065829 1.174896
-0.068291 1.187184
-0.054809 1.179036
-0.053512 1.178639
-0.053675 1.176313
-0.046244 1.155513
-0.053005 1.164513
-0.063259 1.173613
-0.032279 1.163157
-0.032526 1.194541
-0.081676 1.186647
-0.092284 1.188283
-0.056532 1.175824
-0.025973 1.112852
-0.055720 1.148207
-0.091974 1.184194
-0.099052 1.188021
-0.069020 1.171679
-0.104807 1.206881
0.063567 1.074161
-0.015054 1.125602
0.780999 -0.015664
0.766540 -0.024903
-0.273768 1.106975
-0.167050 1.198342
-0.153940 1.165996
1.283473 0.342490
1.280457 0.330832
1.274183 0.323760
1.278233 0.319315
0.202934 0.975009
-0.022615 1.061645
0.003992 0.990810
-0.120477 1.122114
-0.301325 1.215357
-0.333179 1.215873
-0.325829 1.220962
0.452931 0.603573
0.524271 0.575514
-0.180352 1.211061
-0.132996 1.202711
-0.145810 1.342071
-0.130451 1.167292
-0.178162 1.231215
