4006 2
-0.678070 -0.308276
-0.386832 -0.587081
-0.506677 0.249724
-0.287489 -0.564501
-0.630470 0.257262
-0.015248 -0.388202
-0.156028 -0.576352
0.392353 0.440747
0.508487 0.370471
0.266986 -0.071810
0.001792 0.061101
0.018972 -0.665381
0.186528 -0.425268
0.051410 -0.491981
-0.568192 0.071787
-0.858514 -0.355990
-0.836339 -0.314850
-0.304686 0.059207
-0.587655 -0.456302
0.484636 -0.072349
-0.679381 -0.728942
-0.731485 -0.181791
0.107905 -0.575863
-0.746498 0.155243
-0.751951 -0.428038
-0.939658 -0.226739
-0.432760 0.416512
0.606374 0.681477
0.283613 -0.018655
-0.334067 0.013908
-0.721420 -0.016868
-0.388201 -0.679518
-0.508032 -0.364851
-0.507927 -0.001289
-0.548997 0.328998
-0.543071 0.031784
-0.352111 -0.647382
0.104405 0.488463
-0.325735 -0.536367
0.027207 -0.237770
-0.163792 -0.452184
-0.580628 -0.698094
-0.469602 -0.684223
-0.417031 -0.547629
-0.219805 -0.445306
-0.597438 -0.679472
-0.466129 -0.619014
-0.603631 -0.905300
-0.513216 -0.688524
-0.360435 -0.552921
-0.088615 -0.610354
-0.561440 -0.850087
-0.284452 -0.631369
-0.191104 -0.763925
-0.088338 -0.138897
-0.270322 -0.405197
-0.229327 -0.037794
-0.486521 0.060235
0.234632 -0.447432
-0.564578 0.368826
-0.027121 0.277371
0.541425 0.553060
-0.380369 0.397251
-0.297347 0.219283
0.237727 0.677780
0.385798 0.013860
-0.150641 0.467470
-0.281278 0.228195
-0.228061 0.388457
0.192001 -0.641111
-0.151825 0.202822
-0.622710 0.300544
-0.157142 -0.202753
-0.546111 0.232336
-0.192603 0.006306
-0.722574 0.157125
-0.671339 0.249537
-0.856208 0.294774
-0.733685 0.259375
-0.639843 0.105468
-0.624962 0.225238
-0.400231 0.175640
-0.553326 0.184732
-0.589224 0.486156
0.304316 0.448866
-0.203017 0.193338
-0.515656 0.241482
-0.502762 0.394535
0.117759 0.429589
-0.475509 0.559865
-0.923154 0.278498
0.036687 -0.267949
0.182291 -0.022719
-0.407142 -0.252075
-0.073271 0.078074
0.114039 0.167311
-0.572283 -0.525281
-0.286756 0.043964
-0.515616 -0.440282
-0.266311 -0.033376
-0.192289 0.204465
-0.216949 0.436577
-0.403959 0.091769
-0.545276 0.191121
-0.140238 0.264072
-0.255987 -0.565940
-0.335636 -0.023998
-0.221748 -0.259815
-0.739288 0.301496
0.224293 0.325061
-0.411750 -0.090498
-0.585567 0.000670
0.154518 0.090273
-0.670566 0.022266
-0.732631 0.236694
0.318864 0.582785
-0.585529 0.371528
0.120574 0.188976
0.072358 0.308226
-0.208350 -0.454831
-0.370645 0.351653
-0.725113 0.387486
-0.885150 0.284725
-0.344598 0.236530
-0.296115 -0.130421
-0.435648 0.147264
-0.743448 -0.111484
0.538484 0.247591
-0.425251 0.613762
0.329985 0.569583
0.149314 0.328809
0.341010 0.542915
0.362513 0.567667
0.121126 -0.568339
-0.281924 -0.022587
-0.401277 0.353191
0.166796 0.645218
-0.052963 -0.519097
-0.427929 -0.559765
0.331614 0.898238
0.584850 0.446932
0.476463 0.082533
-0.520290 0.456823
-0.103674 0.394860
-0.325686 0.245324
-0.594279 0.327984
-0.474088 0.202927
-0.710195 0.138973
-0.356043 0.590742
-0.412030 0.191005
-0.348294 0.263507
-0.792492 -0.046996
-0.040591 0.589467
-0.357731 0.787086
-0.862065 0.348352
-0.582567 0.347596
-0.149601 0.610159
-0.773137 0.344950
-0.267456 0.694273
-0.070803 0.819410
-0.579764 0.134323
-0.622617 0.051468
-0.807702 0.227528
0.263874 0.741838
-0.030503 0.282227
0.008889 -0.439074
0.335173 -0.194878
-0.302227 -0.619910
-0.491737 -0.580213
-0.490334 -0.711951
-0.037485 -0.404143
-0.547880 -0.749716
-0.545931 -0.368582
0.193212 -0.368100
-0.089311 -0.223617
0.190449 -0.545808
0.098726 -0.162642
0.050587 -0.543865
-0.349828 -0.916657
0.231014 0.321414
-0.393076 -0.867802
-0.416566 -0.325005
-0.481623 -0.570999
-0.464476 -0.843317
-0.447075 -0.474306
0.016617 -0.400125
-0.550911 -0.728319
-0.491950 -0.230614
-0.719332 -0.088552
-0.590709 -0.602685
0.108168 -0.613271
0.231709 -0.789922
-0.307274 -0.684189
-0.057278 -0.739757
-0.322350 -0.525566
-0.439364 -0.563434
-0.750564 0.237469
-0.609076 0.326920
-0.823806 0.224202
-0.669848 0.124555
0.065588 0.352870
-0.539541 0.454788
-0.343824 -0.164698
-0.620811 0.047819
-0.788057 -0.235585
-0.749827 0.307363
0.619749 0.717668
-0.876947 0.204551
-1.010172 0.356891
-0.530454 0.377609
0.006572 0.744127
-0.454685 0.311005
-0.608627 0.389962
-0.552577 0.083851
-0.560515 0.222347
-0.687252 0.247637
-0.628754 -0.089430
-0.478790 0.317246
-0.328594 -0.143931
-0.536195 -0.149947
0.114892 -0.134265
-0.795686 0.122620
-1.001501 0.151302
-0.718088 0.407946
-0.214538 0.309969
-0.230332 0.057697
-0.775417 -0.012159
-0.850569 0.328521
-0.876264 0.375904
0.356186 -0.265789
-0.791558 0.140864
-0.799733 0.292866
-0.982768 0.257897
-0.776767 0.276266
-0.860836 0.345836
-0.712714 -0.108611
-0.252176 -0.493975
0.163269 -0.466466
0.346727 0.186445
-0.253489 -0.155071
0.530282 0.651416
-0.293977 0.494417
-0.020520 -0.657418
0.285973 -0.000880
0.260232 0.152156
-0.467022 -0.900562
0.228358 -0.358137
-0.086398 -0.547657
-0.233038 -0.044418
-0.082112 -0.326758
0.486184 0.119099
0.315560 -0.474295
-0.141514 -0.110033
0.352783 0.314364
-0.470096 -0.346180
0.441914 -0.389500
-0.534115 -0.927327
-0.313804 0.611081
0.063855 -0.217544
-0.288963 -0.365665
0.820336 0.275536
0.545473 0.358323
0.709243 0.436777
0.024833 -0.193720
0.187281 -0.426908
0.333111 -0.412189
-0.342823 -0.624764
-0.651937 -0.427550
-0.582052 0.098871
0.242447 -0.575673
-0.187968 0.117150
0.474915 0.656229
-0.391207 -0.161419
-0.014648 -0.489782
0.230757 -0.693289
-0.477195 0.189370
0.443235 0.300740
-0.023933 -0.954870
-0.545555 -0.650505
0.083321 -0.337845
-0.131062 0.078248
0.145352 -0.291587
-0.119912 -0.558257
0.117675 -0.548830
-0.484794 0.062846
0.014224 -0.843253
0.274625 0.056364
0.007030 -0.725756
0.014663 -0.686733
-0.095338 -0.550766
-0.189424 -0.892593
-0.048135 -0.465874
0.436482 0.871739
-0.291152 0.414729
0.799654 0.683783
-0.319294 -0.176178
-0.760127 -0.001604
-0.569148 -0.264796
-0.311682 0.581904
0.495718 0.325363
-0.021236 -0.061823
-0.032969 -0.799186
0.535322 0.850718
-0.650179 -0.402762
-0.521575 0.029329
0.076685 -0.431559
-0.392359 0.184558
-0.600717 -0.352434
-0.265161 -0.060954
0.094165 -0.681058
0.313458 -0.670364
-0.032968 -0.912693
0.696621 0.721058
-0.104655 -0.084455
-0.454042 0.499029
-0.599711 0.287475
-0.837632 0.356239
-0.863114 0.345224
-0.393312 -0.588097
-0.379526 0.275443
-0.472004 -0.770365
-0.519998 0.375689
0.046984 -0.753924
0.059669 -0.709038
-0.020986 0.047702
-0.158292 -0.163486
-0.168027 -0.213725
0.182375 -0.850550
-0.003594 -0.765207
0.514417 0.487276
0.114898 -0.708290
-0.039124 -0.717314
0.479009 -0.194150
-0.094620 -0.952541
0.252965 -0.608119
0.406670 0.356833
-0.299117 -0.663858
-0.387091 -0.798222
-0.440598 -0.834508
-0.051235 -0.071946
-0.652226 -0.554040
0.406854 -0.080305
0.267302 -0.775786
0.195664 -0.742899
-0.839503 0.012953
0.117629 -0.490029
-0.283567 -0.361349
-0.256888 -0.855698
-0.038418 -0.483496
0.448112 -0.259611
0.130810 -0.488935
0.014521 -0.436584
-0.072809 -0.488094
0.066182 -0.431675
-0.163033 0.229455
-0.377289 0.153470
-0.380171 0.191410
-0.356904 -0.261839
0.021395 -0.834456
0.094160 0.113076
-0.037246 -0.344404
0.233663 0.370411
-0.114259 -0.467715
-0.025326 -0.399958
0.240861 0.426140
0.710272 0.468891
0.504167 0.535194
0.764470 0.584834
0.640454 0.573272
0.563249 0.409114
-0.174280 0.074361
0.964928 1.094251
0.572920 0.439345
-0.330024 -0.539448
0.630449 0.278203
0.060300 -0.506533
0.742010 0.299802
0.403705 0.499442
0.622467 0.711211
0.470145 0.740600
0.438227 0.424877
0.403030 0.844927
0.022905 0.430582
0.340475 0.607860
0.412075 0.699187
0.648936 0.341890
0.623392 0.470034
0.652629 0.498531
0.716975 0.622576
0.556796 0.706076
0.491287 0.683574
0.348544 0.876142
0.465696 0.731739
0.655262 0.858904
0.681558 0.542718
0.324328 0.435646
0.596359 0.488471
0.607942 0.329484
0.286307 0.488150
0.566999 0.545121
0.376452 0.438736
0.573218 0.622270
0.637485 0.331457
0.530343 0.717134
0.678171 0.768129
0.579270 0.713368
-0.534191 0.413309
0.080490 -0.421099
-0.025803 0.025454
0.603942 0.289195
0.372714 0.711299
0.185929 0.130616
-0.089669 0.287072
0.200516 0.482133
0.458809 0.397695
-0.269400 0.021182
0.298723 0.085869
-0.040610 -0.210684
0.421612 0.547113
0.570263 -0.390637
0.131171 0.652311
-0.105653 0.801829
0.499109 0.248941
0.509846 0.607020
0.455813 1.007703
0.427243 0.812665
0.590315 -0.047056
0.013742 0.559282
0.452151 0.365385
0.739569 0.506404
0.418881 0.638503
0.257718 0.653104
0.559054 0.235238
0.751110 0.559625
0.518359 0.363832
0.616600 0.294568
0.629920 0.415746
0.334455 0.565793
0.581787 0.895028
-0.064782 0.672531
0.511771 0.712709
0.697194 0.429245
0.382610 0.379820
0.214290 0.398797
0.171696 -0.493484
-0.031991 -0.160745
-0.042751 0.084961
-0.216006 -0.626798
-0.403961 -0.564623
0.001039 -0.366766
-0.287028 -0.295269
0.055514 -0.244897
-0.227374 -0.359847
-0.556956 -0.413206
0.148167 0.318969
0.677525 0.227557
0.149668 0.306906
0.405232 -0.080005
0.641243 0.169711
0.360565 0.986538
0.097568 -0.063814
0.480931 0.314928
0.625599 0.182544
0.741888 0.443560
0.564484 0.245221
0.539224 -1.167326
0.548996 -1.201984
0.589965 -1.234893
0.000613 -0.455742
-0.505427 -0.557192
-0.175995 -0.918147
0.562042 -0.958240
-0.159234 0.241279
-0.237490 -0.808179
-0.700029 -0.221762
0.540025 -0.457419
-0.363403 -0.751003
-0.003445 0.853848
-0.369556 -0.584066
-0.048584 -0.472091
-0.397731 0.139939
0.336881 -0.194221
0.267270 -0.236519
-0.359897 -0.375881
-0.061092 -0.960689
-0.756254 0.061006
-0.085379 -0.808468
-0.365952 -0.875247
-0.444555 -0.445713
-0.254086 0.618448
-0.190953 0.042470
-0.386522 -0.608903
-0.850844 -0.817701
-0.405507 -0.237654
0.097078 0.104424
-0.466169 -0.191666
0.061879 -0.144796
0.059626 -0.183383
-0.180602 0.476669
0.045434 -0.006439
0.124205 0.729441
-0.147361 -0.265525
-0.684837 -0.044360
0.440466 -0.304843
-0.027724 -0.052765
-0.279053 0.351846
0.538915 -0.180680
-0.407913 -0.088063
0.035649 -0.235894
-0.371103 -0.882639
0.141961 0.004410
0.363250 -0.222941
-0.554163 -0.719809
-0.484735 -0.629000
0.371812 -0.150631
-0.241918 0.510866
-0.019767 -0.629818
0.029344 -0.343952
-0.477697 -0.446221
0.274557 -0.097211
0.187734 0.785717
-0.225786 -0.762456
-0.212779 -0.327125
-0.201798 0.405695
0.291446 -0.021586
0.003351 0.088007
-0.152016 0.170245
-0.216345 0.367238
-0.370345 -0.173128
-0.470205 -0.635011
0.159261 0.092523
-0.223243 -0.576324
-0.531601 -0.319253
0.325574 0.054906
-0.073415 0.513191
-0.472739 -0.964797
0.061355 -0.219031
-0.539949 0.126491
-0.082192 -0.800976
0.591485 0.381130
-0.357732 -0.381999
0.015608 0.423351
-0.093387 0.354363
-0.495383 -0.358995
-0.507043 0.012632
0.011536 0.740859
-0.273623 -0.686824
0.088781 0.198983
0.140129 -0.699549
-0.365925 -0.191509
0.234161 -0.126730
-0.589855 0.102011
-0.506730 -0.743002
0.397431 -0.157483
-0.204016 0.584358
-0.210610 0.018590
-0.292128 0.257013
0.221099 0.483170
-0.512853 0.381656
-0.303812 0.148814
-0.658016 0.183286
-0.224771 0.141443
0.104255 -0.791269
-0.379292 -0.193455
0.084486 -0.681375
0.272200 -0.650463
-0.129596 -0.219043
0.125515 -0.234267
-0.738089 0.054252
-0.467170 -0.044587
0.531508 0.206128
-0.669566 0.069818
0.104510 0.248188
-0.447493 -0.246550
-0.726484 -0.271829
0.352261 0.499637
0.852306 -0.081420
-0.140750 -0.390638
-0.085273 -0.654638
0.007814 0.104465
0.423655 0.702164
0.675369 -0.156763
-0.228566 -0.913467
-0.103684 0.373837
0.421813 0.343727
0.866275 -0.159791
0.067378 0.379554
0.615894 0.585725
0.304656 0.152176
0.308269 0.032720
-0.321036 -0.017650
-0.240722 -0.711294
-0.308981 -0.769859
0.423175 -0.770098
-0.143512 0.045917
0.324342 -0.236639
-0.027460 -0.516944
-0.005063 0.677055
-0.441111 0.799880
-0.039560 0.710908
0.013336 -0.509931
-0.370424 -0.595007
-0.371760 -0.251732
-0.242771 0.179693
-0.472930 -0.731006
-0.209096 -0.172867
-0.460376 -0.408968
-0.370649 -0.126917
-0.252948 0.333772
0.201259 0.392357
-0.079513 -0.760629
-0.414519 -0.489141
0.691905 0.450994
0.673808 0.170443
0.455252 0.157176
0.670245 0.033579
-0.272756 -0.323278
0.008469 0.106775
-0.181815 0.100603
-0.472262 -0.755966
-0.593983 -0.915730
-0.052930 0.504532
-0.162662 0.685949
0.679577 0.039906
0.074462 0.137838
-0.365942 0.145099
0.503642 -0.402637
0.520280 0.742715
-0.751733 -0.261955
0.007457 0.217704
-0.410615 -0.508083
0.000920 -0.768546
-0.376942 -0.470652
-0.715795 -0.374944
0.169334 -0.526819
0.500682 0.161708
0.119005 0.751386
-0.687752 0.084570
0.168212 0.391652
0.089695 0.106273
-0.010105 -0.916086
-0.077885 -0.418218
-0.298395 -0.626194
-0.347116 0.410530
-0.460878 -0.052578
0.520935 -0.003539
0.021434 0.264147
-0.103051 -0.452673
0.029378 0.127940
-0.154706 0.632232
-0.332950 0.244050
-0.222656 0.387422
0.295424 -0.419901
-0.101900 0.448757
0.259897 0.114984
-0.443712 -0.177886
0.803344 0.478135
-0.164324 -0.424528
-0.611086 0.333084
-0.597104 -0.987351
0.270913 -0.427196
-0.622833 -0.175751
0.633740 -0.146260
-0.456260 -0.328248
-0.516627 0.356139
-0.736032 0.355059
-0.290751 0.142972
-0.227759 0.267862
-0.170365 -0.065156
0.605704 -0.371435
-0.267799 -0.919762
-0.183867 0.243107
-0.526768 -0.505729
-0.535606 -0.872989
-0.498962 -0.116658
0.563658 0.602029
0.649140 0.754086
0.631894 0.529139
-0.224107 -0.398211
-0.533689 -0.932504
-0.591227 0.100942
0.553884 -0.227024
0.263273 0.723957
-0.465805 -0.643837
-0.549351 -1.000498
0.011299 0.095492
0.957295 0.170472
-0.186047 -0.957361
-0.361070 -0.092554
0.008867 0.528202
0.306172 0.588429
0.693488 0.607026
-0.561859 -0.759553
-0.655039 -0.730615
-0.308935 -0.313074
0.104967 -0.931772
0.382659 0.308051
0.460137 0.188131
0.713269 0.745158
0.674430 -0.415897
0.813234 0.658094
-0.748451 0.077876
-0.544147 -0.849409
-0.591800 -0.546545
-0.554459 -0.687965
-0.140614 -0.750647
-0.118977 0.234810
0.238291 0.379981
-0.449694 -0.544234
-0.501142 -0.418262
-0.124535 -0.098799
0.401028 0.182822
0.301277 0.834836
-0.712211 0.255449
-0.454170 -0.948362
0.465555 0.657573
0.094709 -0.527212
-0.527659 -0.914369
-0.498603 -0.773745
0.843756 0.329632
-0.472798 -0.763092
-0.307748 -0.865849
0.584114 0.866378
0.820888 -0.093442
-0.257049 -0.640114
0.089972 -0.377897
0.316303 -0.358187
-0.714532 -0.649408
0.117583 0.325769
0.354215 0.293982
-0.488059 -0.137102
0.038671 0.460830
-0.576062 0.389809
-0.030862 -0.748506
0.673173 -0.648387
-0.589985 -0.750212
0.515564 -0.047513
0.030479 -0.409940
-0.188576 -0.390348
-0.044404 0.380787
0.648199 0.028088
-0.634669 0.174768
-0.292407 -0.583921
-0.140106 -0.145474
-0.034538 -0.092025
0.428016 0.421510
0.221899 -0.436946
0.419229 -0.556249
0.704012 0.286478
-0.195725 -0.649228
0.523267 -0.596480
-0.323023 0.060104
-0.361918 -0.345372
-0.520194 -0.526237
0.539811 0.613696
0.726046 0.608921
-0.549430 0.158566
-0.073793 -0.465349
0.863499 -0.148099
-0.580162 0.320556
0.545785 -0.066498
-0.713237 0.357901
-0.026878 -0.230515
0.410314 0.921245
0.478659 1.383463
-0.447470 -0.831766
0.712363 0.729898
-0.046002 -0.915577
-1.199986 -0.715611
-0.547049 -0.941397
-0.194338 0.643921
-0.228076 0.206851
-0.016938 -0.030153
0.411271 0.351991
-0.592020 -0.836256
0.174948 -0.823177
-0.502844 -0.297265
-0.090581 -0.041550
-0.570729 -0.775520
0.390464 -0.933785
0.056136 0.830617
-0.007821 0.295684
-0.322951 -0.709828
0.709828 0.585060
0.082102 -0.092939
0.386645 -0.118336
0.075805 -0.969246
-0.224396 -1.259411
0.094751 -0.527089
-0.226140 0.463305
0.105233 0.865856
0.279505 -0.058987
0.009209 -0.277094
0.411336 0.461160
0.351857 -0.658161
-0.382106 0.710602
-0.093543 -0.894808
0.825118 -0.230626
-0.028577 0.076007
0.256717 0.698811
-0.175747 0.144879
-0.358940 -0.311551
-0.011593 -1.357052
-0.421560 -0.802452
0.148439 -0.128470
-0.303460 0.036708
-0.009142 0.174694
0.138128 -0.312001
-0.499001 -0.551650
-0.154112 -0.477588
-0.076922 -1.171705
0.192848 -0.549523
0.066502 -0.720665
0.061662 -0.407044
-0.516568 -0.830593
-0.257118 -0.973937
-0.031488 -0.348734
0.083002 -0.171379
0.483000 -0.628579
0.017087 0.032604
-0.335690 0.727906
-0.043484 0.614792
0.356201 0.081212
-0.143138 0.483863
0.753413 0.613169
0.004741 -0.738229
0.451517 -0.088868
-0.076266 0.048040
0.268034 -0.090695
-0.464716 0.128815
-0.038473 -0.239611
-0.067044 0.533886
-0.225846 0.346482
-0.214481 0.728433
-0.050372 -0.570480
0.665766 0.327593
-0.402604 -0.310966
-0.024776 -0.072419
-0.342498 -0.864091
0.382115 0.942173
0.399615 0.685644
0.045294 0.826177
0.817594 0.275280
1.094447 0.200496
0.004696 -0.624669
0.666418 0.706598
-0.318546 0.122147
-0.476305 -1.004117
0.501003 0.285539
0.050145 0.456804
-0.680120 0.539812
0.377505 0.370882
-0.042993 -0.046156
-0.240975 -0.180392
0.940046 0.629567
-0.616918 -0.941536
-0.253763 -0.582068
0.673520 0.829743
0.336903 -0.314737
0.106596 0.694216
-0.104759 0.239881
0.529411 -0.602869
0.199668 -0.146264
0.153202 0.333832
-0.107164 -0.063332
-0.871821 -0.154128
0.055323 0.650750
-0.051891 -0.830976
0.024399 -0.757963
0.534762 -0.172434
0.494146 0.057479
-0.559016 -0.920588
-0.112720 -0.195499
0.127668 -0.778642
-0.022357 0.799866
-0.136018 -0.283028
0.385934 -0.427820
0.030776 0.190549
-0.307886 -0.546265
-0.285512 -0.341981
-0.474340 -0.370507
0.036828 -0.110161
0.390985 -0.274915
-0.176416 0.701360
-0.069376 -0.823641
-0.020505 -0.737584
0.140569 0.705855
-0.775831 0.477100
0.197093 0.233315
-0.397905 0.758080
0.424927 -0.146460
-0.071248 0.361773
0.037898 0.589417
0.353051 -0.141876
0.150753 -0.254891
0.642203 0.885493
-0.119405 0.468660
-0.424624 0.668432
0.389856 -0.264269
0.161868 -0.487100
-0.132014 0.704612
0.390874 -0.290313
-0.497847 -0.908150
0.741173 0.309966
-0.691831 -0.375523
0.041706 -0.828719
0.275148 0.194147
0.230325 0.800345
0.292232 0.678504
0.871572 -0.230877
0.335778 -0.295318
-0.021893 -0.290769
-0.028251 -0.063267
-0.500320 0.059365
0.748628 0.351408
0.502226 -0.206128
0.248343 -0.034768
-0.823649 -0.455764
0.084937 0.404985
-0.510608 -0.881954
0.489851 -0.579317
-0.088382 0.160358
-0.512294 -0.147707
-0.086472 0.384694
0.772356 0.041525
0.721082 0.438243
0.243170 -0.112976
-0.173404 -0.209963
-0.366472 0.050990
-0.088596 0.345245
0.312380 -0.076563
0.418071 -0.158703
0.093771 -0.343737
-0.286847 -0.428836
0.054505 -0.212642
-0.497769 -0.908349
0.882402 0.496166
0.550104 0.253119
0.713237 -0.205994
0.387307 0.072834
-0.265933 0.552349
0.306065 0.864056
0.201842 -0.098173
0.320332 0.377341
0.165095 -0.191845
-0.053876 -0.391596
-0.019681 -0.145771
0.104391 -0.148223
0.028774 0.486742
0.883868 0.898648
-0.050162 -0.311498
0.105282 0.760119
-0.338683 -0.121314
-0.606983 -0.398009
-0.279503 -0.865638
-0.299858 -0.835026
-0.086528 0.527689
-0.258780 -0.288685
-0.470797 0.853160
-0.050902 0.824148
0.594289 -0.335456
0.049245 0.566843
0.496602 0.768461
-0.523239 0.014402
0.657603 -0.326697
0.091875 -0.839086
-0.155524 0.062452
0.839423 0.344224
0.684016 0.663321
-0.193902 -0.460397
0.395308 0.181708
-0.244898 -0.884422
-0.223113 0.613282
0.521590 0.566087
0.241440 -0.643050
-0.553339 -0.924597
-0.216341 -0.535275
0.252359 0.264219
-0.048515 -0.406179
-0.708192 -0.580559
-0.119805 0.084179
-0.254359 0.263481
-0.170445 -0.890119
0.170979 -0.340920
-0.292403 -0.225839
-0.457588 -0.412225
0.338272 -0.167528
0.133586 0.457093
0.333131 -0.420940
-0.092346 -0.460985
-0.080910 0.656856
0.558724 -0.036018
0.371193 0.202413
-0.518000 -0.494545
-0.014883 -0.483895
-0.511770 -0.749756
-0.128039 -0.741054
-0.000898 0.216533
-0.260883 0.156823
-0.384788 0.417317
0.297852 -0.721392
-0.423061 -0.840295
0.465496 -0.862882
0.048744 -0.826595
-0.425676 -0.232939
-0.075895 -0.802617
0.406963 -0.777438
-0.820248 -0.426816
-0.348305 -0.358607
-0.413536 -0.774763
-0.571532 -0.583944
-0.521670 -0.724342
-0.633358 -0.777523
-0.401206 -0.867022
-0.448883 -0.628349
-0.612655 -0.854406
-0.582736 -0.984972
-0.672416 -0.871787
-0.575895 -0.729722
-0.679052 -0.525159
-0.308598 -1.015163
-0.260847 -0.402462
-0.352155 0.609495
-0.393762 -0.679180
-0.065535 -0.494010
-0.218160 -1.015542
-0.226110 -0.334414
0.373342 -0.864068
-0.121309 -0.619845
-0.847349 -0.757180
-0.716744 -0.579662
-0.579777 -0.450464
-0.167392 -0.391252
-0.512675 -0.508782
-0.155983 -0.519314
0.385142 -0.459629
-0.200115 -0.588079
0.377451 -0.023685
-0.194309 -0.547638
-0.602317 -0.735401
-0.582472 -0.921983
-0.592131 -0.801143
-0.348723 0.308974
0.244594 0.198859
0.327519 0.076139
0.629168 -0.277460
0.206876 -0.216416
-0.697526 0.312265
-0.154718 -0.784800
-0.184872 0.289550
-0.489915 -0.114393
-0.782477 0.172388
-0.597992 0.072774
-0.491242 0.292492
-0.342602 -0.680610
-0.457319 0.594397
0.344841 0.464412
0.577087 0.297006
-0.208128 0.134482
-0.158502 0.518008
0.312081 -0.027433
-0.508040 0.211819
-0.956061 0.255807
-0.684805 -0.062882
0.556042 0.230643
0.659572 0.610929
-0.725826 0.114888
0.272815 -0.342627
0.430375 0.994228
-0.020837 -0.110967
-0.718762 -0.623461
-0.558677 -0.754246
0.638869 0.271662
-0.112363 0.413691
-0.453691 -0.519942
0.232217 -0.464461
-0.401695 0.040945
0.715517 0.568105
0.200750 -0.261932
0.743904 0.552616
-0.690986 -0.119448
-0.635496 -0.268164
-0.576914 -0.933136
0.784054 -0.176850
0.167956 -0.784187
0.468684 1.145268
0.201194 0.290997
-0.239559 -0.004226
-0.296978 0.704818
0.033914 1.025397
-0.630094 -0.056926
-0.161961 0.669081
0.382908 0.503976
0.640892 -0.006128
-0.076788 0.445061
0.769843 0.569069
-0.524390 -0.170369
0.293194 0.698823
0.077810 -0.023178
-0.472491 0.460060
0.528147 0.164256
-0.698865 -0.098659
0.698268 0.621740
-0.336859 0.300900
-0.287778 -0.104569
0.380404 -0.012990
0.677069 0.348024
0.271762 -0.514746
0.123971 -0.074856
-0.523396 -0.018896
0.398519 0.835177
0.112717 -0.813896
-0.181047 0.573359
0.715968 0.131769
-0.253104 -0.748435
-0.010767 -0.254579
0.586485 0.671833
0.433135 0.477611
0.425321 0.581475
0.007531 0.782002
0.780905 -0.011869
0.559912 0.237347
0.156893 0.461755
0.134621 0.401290
-0.154063 -0.830247
0.006385 -0.471059
-0.026159 -0.174720
0.088924 -0.840801
-0.649161 -0.179260
0.009882 -0.871684
0.457449 0.192665
0.533485 0.803382
-0.023597 0.628255
0.537027 -0.493243
0.548329 0.307655
0.033972 0.162423
0.615815 0.541654
-0.378741 0.349196
0.977915 0.072194
-0.011804 -0.406434
0.253682 1.886394
0.255419 -0.305384
0.067512 -0.584136
0.034723 -0.513813
-0.012978 -0.295357
0.529866 0.784830
0.683861 0.678625
0.291831 -0.482042
0.622390 0.453835
-0.214362 0.312927
-0.001423 -0.526492
0.839356 0.901740
0.455865 0.771687
0.502373 0.119029
0.574277 0.534167
0.508604 -0.170294
0.765572 0.698989
0.073081 -0.575327
-0.014136 -0.782740
0.533222 -0.303024
0.416665 -0.579299
0.657638 0.461424
0.438980 0.731035
0.638793 -0.420379
-0.425742 -0.448498
-0.042814 0.135209
-0.394495 -0.204615
-0.157822 0.568302
0.629332 1.574951
0.966353 0.035016
0.067243 -0.204566
0.629815 0.659160
-0.539990 -0.227598
-0.249407 0.878514
0.453006 0.627855
0.252579 0.560114
-0.491110 0.331419
-0.234050 0.127322
-0.188590 0.906758
0.112907 1.008359
-0.347099 -0.448383
-0.346020 -0.229266
-0.252396 0.346530
0.505455 0.605914
-0.325451 0.042852
0.191655 0.920447
-0.397520 -0.761624
0.383297 -0.165493
0.491981 1.009474
-0.333497 1.226639
0.013874 0.214402
-0.269043 0.463919
0.353876 -0.317819
-0.305253 0.370375
-0.644587 0.214900
0.007583 0.189854
-0.605325 0.478363
-0.525971 0.297468
-0.595682 -0.135086
-0.218212 0.578146
-0.621481 0.512048
-0.955888 0.049728
0.164357 0.094569
-0.582980 -0.054592
-0.678902 0.320860
-0.149808 0.754165
-0.473287 0.616459
-0.701776 0.388827
-0.552997 0.507939
-0.750563 -0.202890
0.155742 0.788642
-0.028998 0.509419
-0.851965 0.334309
-0.770955 0.280243
0.107220 0.196135
-0.368255 0.005816
-0.741244 -0.227132
-0.890179 0.137097
-0.514470 0.489129
0.527375 0.775396
-0.141406 0.796451
-0.217282 0.938786
-0.071634 1.371214
0.326212 -0.556668
-0.549757 -0.662489
-0.245878 -0.797319
-0.534659 -1.009136
-0.479005 -0.746551
-0.214324 -1.093270
-0.099894 -0.183913
-0.729923 -0.831599
-0.347490 -0.856856
-0.315139 -0.985214
-0.609409 -0.177478
-0.223689 -0.962985
-0.233143 -0.879566
-0.407646 -0.457546
-0.370505 -0.166307
-0.488400 -0.287040
-0.553546 -0.417570
-0.196015 -0.330786
-1.139807 -0.929977
-0.247891 -0.163313
-0.795884 -0.521239
-0.208932 -0.735072
-0.432145 -0.532120
-0.450717 0.064848
-0.413687 -0.012797
-0.007736 -0.018798
0.568099 -0.280241
-0.087152 -0.882435
-0.237140 -0.386625
-0.406442 -0.104707
0.169480 -0.851714
-0.591950 -0.814245
-0.018577 0.157962
0.162677 -0.410486
-0.582114 -0.647512
-0.654878 -1.013280
-0.184208 -0.502238
0.181392 -1.068691
-0.208945 -0.571419
1.293638 -0.281726
-0.868492 -0.983331
-0.085045 -0.631367
0.257770 -0.724593
0.195594 -0.895896
0.593196 -0.086644
0.035768 -0.786110
0.383809 -0.153620
-0.408024 -0.100965
-0.127199 -0.807198
-0.134133 0.058517
-0.081600 -0.657344
-0.665671 -0.756823
-0.325655 -0.671693
0.327253 -0.764984
0.338975 -0.695249
-0.276712 0.198732
-0.425484 0.257263
0.102831 0.187597
0.445911 -0.255245
-0.675414 0.084361
0.060125 0.309137
-0.759175 0.304117
-0.340748 0.150883
-0.307363 0.301504
-0.270490 0.332095
0.109219 -0.536864
0.201964 0.726859
-0.246528 0.157534
-0.661785 0.420112
-0.558684 -0.063618
-0.178505 0.511046
-0.545247 0.608631
-0.629626 0.573321
-0.631499 0.358792
-0.387287 0.919036
0.426227 0.068404
-0.673820 -0.115285
-0.224805 0.222161
0.511476 0.299993
-0.380870 -0.406706
-0.532852 -0.378548
-0.759661 -0.565067
0.234798 -0.477051
-0.368156 0.699822
0.067765 0.136518
0.390196 -0.205782
0.582907 0.312259
0.197775 1.036724
-0.580365 0.248414
0.083480 -0.243165
0.079561 0.259858
-0.034152 0.454609
-0.148966 0.055981
0.655875 0.189924
-0.205702 0.551576
0.177846 0.182024
0.016700 -0.086054
-0.943524 0.434134
-0.173781 0.545498
-0.288111 -0.016408
0.007099 0.559107
0.572509 0.069146
0.529891 0.812425
0.460013 -0.834696
0.568966 0.448004
-0.547812 0.433092
0.483259 0.596716
-0.075985 0.468620
0.646182 0.671792
0.547581 0.721381
0.196443 0.477837
0.809933 0.627524
-0.068825 -0.272317
-0.535320 -1.003957
-0.537804 -0.856170
-0.205425 -1.418277
-0.498080 -0.973832
-0.377116 -0.889500
-0.488354 -0.971317
-0.285653 -0.283156
-0.863420 -0.389104
-1.127352 1.153354
-0.530572 -0.124291
-0.419507 -0.993125
-0.462501 -0.956134
-0.793551 -0.897941
-0.227496 -0.789917
-0.554122 -0.735427
-0.542808 -0.947084
0.144551 -0.795441
-0.611963 -0.910897
-0.597605 -0.880926
-0.517539 -0.631989
-0.418510 -0.867906
-0.131167 -0.949678
-0.337588 -0.588203
-0.374448 -0.621616
1.084377 0.281344
-0.223587 -0.350258
0.019624 -0.242450
-0.203548 -1.021616
-0.325851 -0.930328
-0.057466 -1.007119
-0.120040 -1.138244
-0.197607 -0.757253
-0.600114 -0.352153
-0.614949 -0.982809
-0.911053 -0.421208
0.263959 -0.466845
-0.163863 -0.884061
0.089686 -0.793631
-0.112800 0.262415
-0.586148 -0.583885
-0.606654 0.433183
-0.473150 -0.060156
0.126719 -0.844696
0.622282 -0.360877
0.062999 0.096211
-0.083288 -0.587991
-0.487383 0.240789
-0.264044 -0.941208
0.048089 -1.269416
-0.340222 -0.514127
-0.181534 0.192813
-0.089279 -0.714161
0.000699 1.381940
0.558566 0.859461
-0.530007 -0.252060
0.527129 0.815729
-0.152284 0.071161
-0.297165 0.094484
1.203991 0.726205
0.174508 0.489657
0.346313 -0.045199
1.325858 1.470191
-0.117155 -0.141863
-0.242620 -0.219852
-0.606539 -0.023289
-0.441637 0.630189
0.178629 -0.668788
-0.619813 -0.311863
-0.441481 -0.090893
-0.443954 0.212364
0.416211 0.453964
-0.094500 -0.892532
-0.954582 0.512493
0.270487 -0.293673
0.686490 0.422110
1.007671 0.471863
0.298707 0.437596
-0.175837 -0.622719
0.281082 0.742666
0.933811 -0.686960
0.336078 -0.326749
0.479854 -0.258458
0.304781 0.097553
0.636195 -1.231347
-0.392757 0.011420
-0.870322 -0.531943
-0.410419 -0.550372
0.118341 0.574629
0.291494 -0.562468
-0.527145 -1.081127
-0.053256 -0.043174
-0.757915 -0.512921
-0.766002 -0.537602
0.297323 0.245593
-0.335809 -0.645042
-0.809955 0.081570
0.570000 0.838556
0.165478 0.906903
-0.785570 -0.568367
-0.024659 -0.988203
0.659017 1.243781
0.236757 -0.825810
0.554442 0.352060
-0.204988 -0.440557
-0.837139 -0.207737
0.237871 -0.151808
-0.073187 -0.090936
-0.279305 0.501524
0.613570 0.144717
-0.004990 -0.902413
0.050133 -0.667822
-0.347209 -0.801831
-0.046485 -0.903676
-0.051674 -1.222257
-0.545525 -0.055495
-0.034578 -0.549559
-0.150256 -0.601849
0.777333 -0.498710
-0.318970 -0.067318
-0.458588 -0.212632
-0.097161 0.037895
-1.034665 0.167797
-0.670856 -0.618016
-0.354013 -0.554346
0.058780 1.095423
0.916560 -0.017449
0.503728 0.419641
-0.277726 -0.768975
0.565931 -0.847229
-1.650682 0.661300
-0.014934 0.553325
0.808713 0.654915
0.208115 -0.255497
0.513626 -0.323365
0.729756 0.194589
-1.298239 0.408831
0.230272 0.116018
0.099295 -0.545397
-0.663697 -0.435708
0.171200 0.393078
0.362877 0.647578
0.393031 0.592164
0.330220 0.735493
0.541969 0.699199
0.839058 0.649272
-0.219831 0.612379
0.423400 1.513223
0.640674 0.702981
0.562680 0.820717
0.535589 0.639924
0.510120 0.455985
-0.128467 0.775585
-0.059459 -0.317131
0.640129 0.841213
0.012771 0.885597
0.154738 0.849933
0.653509 0.724401
0.109222 0.629359
-0.057202 -0.625692
0.276265 0.626743
-0.067226 0.718885
-0.999335 -0.375979
0.553563 0.937967
0.535592 -0.090312
0.245683 -0.270686
0.595686 -0.890736
0.428837 -0.085746
0.490097 0.001857
0.434390 0.847235
0.402773 0.020126
-0.321470 -0.185666
-0.455977 0.394900
0.585284 -1.213146
0.067335 -0.006726
-0.452051 0.380225
0.399206 -0.079390
0.599210 -0.217846
0.726392 0.929782
0.267183 -0.786315
-0.069469 -0.993142
0.415301 -0.359365
0.406356 -0.096427
1.165028 0.548912
0.538664 -0.347624
0.099549 0.227460
-0.134741 -0.463376
0.554639 0.682659
0.487214 0.682150
0.727828 0.804306
0.335906 0.689904
0.188031 1.017185
0.448055 1.115033
0.850847 0.908436
-0.164748 0.500138
0.762275 0.927612
0.394066 -0.369372
0.363347 -0.127727
1.087669 0.651576
0.723379 0.700120
-0.150615 0.803801
0.612493 -0.858165
0.477996 -0.525924
0.329899 -0.548980
-0.534931 -0.905910
0.665160 -0.025773
-0.119712 -0.840438
-0.117387 -1.055550
-0.410956 -0.578487
-0.632352 -0.024394
-0.576915 -0.763901
0.227910 0.511017
0.344796 -0.224928
-0.738363 -0.723612
-0.664552 -0.558666
-0.405998 -0.298167
-0.532145 -0.465269
-0.912668 -0.393968
0.046959 -0.861080
-0.150415 0.324772
0.277407 -0.463735
0.009524 -0.576862
-0.266770 0.104680
0.797287 0.418206
0.188733 0.348651
-0.205434 0.941052
0.441981 0.502657
0.020840 0.561386
0.251079 0.569055
0.229183 0.900550
0.751360 -1.012032
0.100557 0.910721
0.741940 0.728776
-0.734534 0.687508
0.416787 -0.029513
-0.061692 0.968816
0.267190 0.410010
-0.098021 -0.689209
0.017185 0.854955
0.156064 0.894899
-0.029125 0.769615
-0.205985 0.293244
0.406504 -0.411148
-0.058842 -1.086367
0.005083 -0.985292
0.301173 -0.631483
0.140710 -0.912155
0.092430 -0.727605
0.186432 -0.784070
-1.014030 -0.241453
-0.028891 -0.877593
-0.481563 -0.054324
-0.037161 -0.903906
0.040184 -0.887727
-0.233801 -0.899570
0.369860 -0.647040
-0.881704 -0.547107
-0.067881 0.139801
0.711554 -0.168687
-0.466549 -0.038688
-0.468548 -0.126674
-0.265082 -0.519376
0.740675 0.791862
0.806738 0.323633
0.538050 -0.407626
0.565836 0.660765
-1.066224 -1.747132
0.120890 -0.772345
-0.624856 -0.519007
-0.482825 -0.305937
0.376431 -0.375462
0.092009 -0.555716
-0.724806 0.090328
-0.716175 -0.007335
0.628611 -0.743730
-0.787210 0.255385
-0.374457 0.230240
-0.045857 -0.222137
0.243293 0.120629
0.364630 -0.531083
-0.312383 0.187191
0.745515 0.337953
0.529492 0.072755
-0.614364 0.649215
-0.485877 0.407433
-0.818102 0.191824
-0.851057 0.337242
-0.925858 0.361860
-0.772848 0.014456
-0.507359 0.394721
-0.797517 0.215603
-0.816161 -0.270265
-0.248916 -0.217904
-0.325720 -0.149485
0.328910 -0.555606
-0.429660 -0.151015
-0.323763 -0.271795
-0.533077 0.000558
0.225135 -0.442541
-0.386588 -0.220130
-0.043628 -0.240214
0.461854 -0.453366
-0.795497 -0.477258
-0.630077 -0.320952
-0.621672 -0.187075
-0.793473 -0.306465
-0.324240 -0.126087
-1.006327 -0.435833
-0.130761 -0.732913
-0.381779 -0.957552
-0.793914 -0.648755
-0.591910 -0.752770
-0.414571 -0.402508
-0.420083 -0.699285
-0.780790 -0.263494
-0.730318 -0.782208
-0.773671 -0.127753
-0.247473 -0.275017
-0.644419 0.016182
-1.080643 -0.551840
-0.578293 -0.854843
-0.515459 -0.965657
-0.176005 -0.393873
-0.607642 -0.708292
-0.781053 -0.638906
-0.763713 -0.441759
-0.943344 -0.063829
-1.068260 -1.750991
-0.427546 0.296961
-0.000872 -0.069508
-0.620540 -0.327372
-0.077285 -0.239687
-0.806996 0.528740
-0.878585 -0.225864
-1.163839 0.203875
-0.008285 -0.539861
0.333412 -0.951604
-0.145249 -0.760200
-0.369686 -0.715695
0.379359 -0.525656
-0.374843 -0.823429
0.234178 -0.583122
-0.440173 0.062672
-0.264985 -0.416055
0.105943 -0.545248
-0.214990 0.266246
-0.464976 0.290586
-0.140464 0.103492
-0.818556 -0.554731
-0.980209 -0.471029
-0.708374 -0.655614
-0.702507 -0.327164
0.383528 -0.678008
-0.259151 0.549527
0.770319 0.351923
0.768498 0.504189
0.903210 0.883001
0.139995 -0.031490
-0.465535 0.301996
-0.431833 -0.664748
-0.662854 0.115655
-0.917060 0.397831
-0.381278 -0.403248
-0.587075 -0.053037
-0.305143 0.617064
-0.764735 0.400986
-0.436620 0.226624
0.256776 0.702096
-0.067072 -0.050786
0.997787 1.137782
0.653045 1.121840
-0.205165 -0.060367
-0.213337 -0.450071
0.424257 -0.358578
0.222673 -0.826262
-0.792485 -0.540303
0.797669 -0.578775
0.489937 -0.432680
-0.812831 -0.850458
-0.835892 -0.846037
0.363873 -0.455490
-0.248699 -0.093449
-0.182673 -0.148924
-1.307483 0.901438
1.067111 -0.143999
-0.451902 0.958349
-0.177744 0.798261
-0.695509 -0.854180
-0.844956 -0.088732
-0.893775 -0.089400
-0.754739 0.502051
0.270270 -0.610738
0.265306 0.136708
-0.295831 0.742066
-0.296237 0.652542
0.305645 -0.066690
0.500206 0.189236
-0.021560 0.604342
0.163029 -0.118866
-0.269875 0.984750
-1.021085 -0.879010
0.668790 -0.200856
-0.007166 -0.893972
-0.599739 0.006517
0.055944 -0.599266
-0.437103 -0.166878
0.667723 -0.299904
0.011317 -0.220713
-0.031857 -0.398241
-0.044093 -0.801918
-0.055849 -1.004208
0.152479 -0.906303
0.922031 -0.267913
1.641316 -0.337674
-0.474252 0.510248
0.528315 -0.514851
0.249122 1.087189
0.131845 0.824243
0.620977 0.673372
1.156243 -0.329410
1.151944 0.335704
-0.240015 -1.058103
0.356780 -0.670744
-0.004291 -0.987187
-0.345664 -1.001309
-0.665567 -0.545344
-0.146810 -0.549425
-0.229004 -0.468012
-0.836667 -0.115085
-0.626995 0.187694
-0.494818 0.579595
0.634149 -0.148777
0.661935 0.200707
0.395964 -0.731508
-0.121271 -0.879542
-0.377283 -0.378427
-0.821573 -0.938511
-0.368894 -0.580358
0.797699 -0.089346
-0.289253 0.291986
0.116628 -0.533098
0.419667 -0.924898
-0.782972 0.464992
-0.350798 -0.938678
0.529000 -0.841039
-0.570117 -0.711507
-0.482682 -0.867147
-0.693603 -0.213037
-0.612485 -0.103837
-0.697779 -0.557432
0.110175 -0.085735
-0.113116 -0.826213
0.292682 -0.995368
-0.372841 -0.541007
-0.478660 -0.410476
-0.341494 -0.211558
0.862312 0.418424
0.079462 0.931309
-0.866929 -0.189072
-0.973500 0.344588
-0.498051 0.246603
-0.009592 0.730196
0.973672 0.684798
0.803017 0.936800
0.791600 0.668594
0.518653 0.341612
0.186383 0.851998
0.932309 0.264875
0.796229 0.301385
0.585380 0.364338
1.102704 0.191379
1.048773 0.081940
0.740648 0.311595
0.197638 0.968618
1.088688 1.028660
0.325888 1.049731
-0.193820 0.595267
1.063979 0.473459
0.884704 0.871050
1.035284 0.524455
0.803635 1.187367
1.315057 -0.474124
0.973371 0.914647
0.344215 -0.078150
0.449972 0.072456
-0.467611 0.163101
0.970470 0.116425
0.951253 0.228139
-0.263125 -0.652609
-1.277645 0.123341
0.701484 -1.034047
0.688934 -0.937514
0.093459 0.886957
-0.713198 0.145842
-0.013743 -0.745494
-0.501798 -0.578388
-1.154747 -0.044401
-0.372081 -0.316268
-0.544827 -0.762692
-0.310295 -0.324163
-0.277177 0.477252
0.051332 0.052959
-0.502157 0.614318
-0.907990 0.029426
-0.476850 0.622980
-0.826017 0.647348
-0.996369 0.130104
0.849135 -0.627855
0.005476 0.646619
0.366093 0.967711
0.689348 0.311658
-0.129564 -0.723953
0.087191 0.701113
0.518202 -0.677580
-0.130017 -0.827432
-0.479951 -1.129977
-1.078653 -0.644696
0.042403 -0.791717
-0.901915 -0.259559
-0.346705 0.744893
0.720280 0.134511
0.330813 -0.852686
0.649588 -0.403983
-0.227691 -0.745703
-0.138286 -0.839981
0.083592 -0.722568
0.134571 -1.300010
0.297898 -0.743874
-0.787535 0.031778
-0.266912 -1.027317
-1.071950 -0.511800
0.280174 -0.900620
-0.367800 -1.038895
-0.299609 -1.091427
-0.106891 -0.897458
-0.535500 0.963539
0.386912 -0.034913
0.193690 -1.129514
0.544101 -0.730450
-0.361427 -0.967111
-0.547539 0.644174
-0.796303 0.070310
-0.752209 -1.025009
-0.080218 -1.334472
-0.112700 -1.084771
-0.392287 -0.680476
-0.602030 -0.938616
-0.355393 -0.947954
-0.010420 -0.884614
-0.370559 -1.220308
-0.128898 -1.203477
-0.901252 -0.778020
-0.275543 -0.812621
-0.076843 -0.806211
0.026964 -1.089550
-0.764867 -0.262542
0.632462 -0.230000
0.942537 1.047280
-0.316150 0.374144
-0.583731 -0.240291
-0.437737 -0.178671
0.293671 -0.910921
0.404179 -0.587241
-0.486507 -1.179893
-0.545102 -1.066343
0.022350 -1.167102
-0.683419 -1.003325
-0.615270 -0.986789
-0.513342 -0.958298
-0.487109 -1.288261
-0.255032 -0.520330
-0.095980 0.277857
-0.689932 0.127044
0.253469 -0.546991
-0.522205 -0.215985
-0.735819 -0.355290
0.223264 0.917764
-0.704582 0.566391
0.154289 -1.000319
0.460343 -0.858957
0.643368 -0.214019
0.683074 -0.217532
0.506298 -0.324824
0.751361 -0.568041
0.006536 -1.267079
-0.303611 0.231233
-0.918686 -1.044762
-0.283940 0.447543
0.021022 -0.673587
-0.040929 -0.589931
0.659650 -0.313448
0.170610 -0.839890
0.253831 1.257743
-0.106065 1.192495
-0.152196 0.765019
-0.390455 0.829838
-0.331949 0.660936
-0.398875 0.741559
-0.195777 -0.038452
-0.146102 0.832112
-0.363462 0.584293
-0.424853 0.445977
0.766179 -0.378728
0.264780 -0.129008
-0.075052 0.626267
-0.310451 0.133501
0.533409 -0.117257
-0.327375 0.990815
-0.012604 -0.894439
-0.716214 -0.299547
-0.311733 -0.843612
-0.933159 0.059965
-0.001847 -0.768143
-0.157865 -0.092447
-0.593315 -0.294839
-0.368917 0.685723
0.300496 -0.580942
-0.205647 -0.225020
0.514871 -0.725216
-0.354502 -1.172578
-0.791156 0.363294
-1.043471 0.370761
-0.774230 1.034845
-0.519986 -0.185721
-0.404654 -0.424459
-0.869044 -0.221658
-0.954144 -0.135366
-0.022760 -0.569833
0.020173 -0.860775
0.289306 -0.458205
0.146249 -0.106592
0.150488 -0.698678
0.297443 -0.408516
-0.244476 -0.140483
-0.477338 -0.537498
0.272689 0.854658
0.318887 0.344403
0.424820 0.500200
0.162841 0.879026
-0.182910 0.680950
-0.867888 -0.526802
0.560504 0.991914
0.830396 0.467306
-1.233361 -0.336163
-1.241391 -0.027077
-1.068445 -0.294033
-1.071619 0.108620
-1.032407 0.306955
-1.094626 0.307776
-0.896304 0.384751
-0.968953 0.225823
0.436145 0.967097
0.849137 -0.028190
0.272229 0.811621
-0.284308 -0.104203
0.200883 0.521113
-0.978180 0.173396
-0.014627 -0.383813
0.819355 0.772426
0.923060 0.855335
-0.955232 -0.724729
-0.641945 -0.500311
-0.413518 -0.923998
-0.473152 -0.672881
0.592891 -0.865745
-0.504367 -1.100175
-0.204351 -0.882516
0.182298 -1.041784
0.925283 -0.706420
-0.839312 -0.532469
-0.502250 0.001712
0.371281 -0.483101
-0.552624 0.560532
0.076485 1.751197
0.538445 -0.296444
0.071826 -0.191777
-0.935017 -0.939805
-0.669020 0.001288
-0.356905 -1.184897
-0.892975 -0.021678
-0.566892 0.105438
-0.083101 -0.012279
0.552990 -0.254463
0.616080 -0.889317
-0.575174 0.765298
1.184411 0.843671
-0.500857 0.762640
0.393733 -0.076077
-0.219819 0.833991
0.001565 -0.005056
-0.227701 0.223658
-0.851939 0.089394
0.014707 -0.997408
-0.014449 -1.120744
0.581805 -0.825094
-0.777386 -0.725777
0.514807 -0.762554
0.149614 -0.038516
0.073118 -0.954028
-0.615855 -0.218954
-0.652745 -0.441990
-0.408831 -0.233680
-0.971109 -0.197000
-0.500535 0.499402
-1.144510 0.038124
0.007664 0.258336
-0.563140 -0.086978
0.653440 0.422152
-0.390230 -0.051335
1.105438 0.211030
-0.794080 -0.138374
0.402769 -0.128568
0.295941 -0.270183
-0.439767 -0.230829
-0.228444 0.197086
-0.633456 -0.414957
-0.430255 -0.252700
-0.192398 -0.610003
0.021954 0.992590
0.162426 0.224869
0.575556 -0.099295
0.931696 -1.274479
0.811738 0.699437
0.863997 0.466514
0.121227 -0.138497
0.035741 0.481120
-0.150042 0.903680
-0.359085 0.461051
1.164580 -0.144824
-0.671802 -0.219484
-0.411050 -0.746269
-0.450604 -1.334184
-0.201550 -0.966016
-0.792460 -0.596760
-0.340375 0.669920
-1.196128 0.235576
-1.019851 0.002624
-1.127983 0.338977
-0.824629 -0.114166
0.321868 -1.379559
0.583300 -1.072855
0.612168 -1.019170
-0.152698 -1.720502
-0.699358 -1.125927
-0.122869 0.398836
-0.924825 -0.620802
-0.392882 1.069477
0.197131 0.191402
-0.088584 1.073246
0.313591 -0.002713
-0.227603 1.296744
1.144954 1.196071
0.558964 -0.371638
0.655777 -0.078998
0.193726 1.001469
0.304933 -0.104010
-0.065795 0.952437
0.534025 0.354827
0.611714 0.345358
0.633542 0.824626
1.020745 1.465814
0.890002 1.279978
0.910414 1.393664
0.482380 1.045626
0.501141 1.049414
0.605283 1.087857
0.046191 1.046487
0.080018 1.005383
0.128626 1.046212
-0.050261 0.999087
0.610193 0.947775
0.638657 0.158722
0.384927 0.949818
0.687440 -0.709801
-0.782997 -0.635179
-1.269789 0.255094
0.805385 0.327225
-0.185694 0.040516
0.095978 0.698021
-0.918069 0.250570
0.239396 -0.074716
0.747730 -0.165571
0.714727 -0.424593
-0.871010 0.054910
0.981356 -0.218106
0.831367 -0.429634
0.852374 -0.226267
0.729868 -0.453055
0.154613 1.114251
-0.657904 0.700738
-0.475338 -0.067607
-0.166361 0.247028
0.406141 0.117102
-0.903231 -0.791390
-0.238407 1.392555
0.108651 0.904033
-0.012093 0.875439
0.073917 0.906499
-0.049316 0.473523
-0.232815 0.633458
-0.678474 0.697323
-0.293530 -0.913000
-0.801944 -0.635949
-0.113392 -0.805040
-0.614171 -0.353373
-0.141414 -0.726057
0.494901 -0.702841
1.385671 -0.359730
0.426989 0.974668
1.407215 -0.452619
-0.043706 -0.166666
-0.317741 -0.082753
1.533170 -0.385117
1.160563 -0.311020
1.460361 -0.362242
0.613520 -0.557560
-0.780089 0.283898
-0.845050 0.485879
-0.630393 -0.133177
-0.522477 0.537080
-1.428135 0.122170
-0.725156 0.568996
-0.586639 -0.289295
-0.035556 0.036465
0.419740 0.085159
0.992812 0.308225
-0.458829 -0.198136
0.735126 1.088334
-0.691391 -0.634097
0.934475 0.845857
0.539379 0.816549
0.465080 1.015626
1.012156 0.674670
0.955584 0.598465
0.464204 0.910939
-0.304006 0.626778
0.102837 0.875888
-0.375922 0.102514
0.052802 -0.014072
-0.057118 -1.026710
0.845819 -0.544116
-1.004385 0.154766
-0.797572 0.519733
-1.028208 0.227753
0.224692 -0.410198
-0.243149 0.741806
0.643343 0.756919
-1.275694 0.193333
-0.606743 0.312647
-1.057218 0.059393
0.827335 0.214957
-0.903289 0.659165
-0.170640 0.170136
-0.212047 0.496183
-0.333192 0.071542
0.655265 -0.502356
0.876919 -0.484736
-0.288080 -0.978550
-0.752406 -0.089625
-0.561898 -0.105624
0.206709 -0.910211
0.017006 -0.905362
0.089873 -1.194811
-0.155801 -0.765032
0.279358 -0.993713
0.236102 -0.741553
0.232965 -0.849154
0.149075 -0.952998
-0.101410 -0.969435
-0.528239 -0.643054
0.757320 -0.635414
-0.825792 -0.904836
-0.638072 -0.991599
-0.850376 -0.243038
-0.294973 -0.792125
0.011688 -0.986315
-0.075941 -0.824405
-0.810201 -0.318815
-0.817733 -0.274832
0.351804 -0.731616
0.313819 -0.468116
0.037231 -0.943799
-0.472820 -0.630715
0.013452 -0.901930
-0.154833 -0.913884
-0.312839 -0.802371
-0.312154 -0.595427
-0.572904 -0.909588
-0.320494 -1.037350
-0.316068 -0.657674
-0.510103 -0.855883
-0.738452 -1.067498
-0.636351 -1.061261
0.122400 -1.081697
0.126501 -1.049933
0.307026 -0.415488
-0.496585 -0.510532
0.556357 1.168189
0.997584 0.369685
0.554221 0.534427
0.221662 0.837815
-0.300399 -0.825513
-0.112394 0.688549
-0.683381 -0.873499
-0.466449 0.605342
0.009235 -0.282043
0.013504 -0.544923
-1.362410 -0.656388
-0.558664 -1.174811
0.236985 -0.988454
0.261536 -0.604712
0.166896 -0.047820
0.484278 -0.782351
0.424661 -0.855474
-0.244797 -1.075488
-0.063256 -0.978603
1.066395 -0.054103
0.683181 -0.695723
0.683502 -0.679118
-1.133726 0.585544
0.100944 0.999212
0.345133 0.682606
0.350041 1.220066
0.138030 1.108367
-0.185862 1.353216
0.991379 0.946360
0.581084 0.858587
0.590319 0.895227
0.347626 1.176676
1.251102 0.226483
0.398810 0.910766
0.735411 0.641550
0.908127 0.851433
0.769785 0.727769
0.118929 0.814263
0.690176 1.032933
1.343154 -0.456904
1.633608 -0.402503
1.543135 -0.445011
1.592768 -0.397485
0.051629 -0.201052
-0.360497 0.518239
-0.173038 0.588719
-0.267982 -0.916092
-0.348836 -0.853372
-0.662345 -0.716413
-0.335678 -0.622944
0.090613 -0.729963
-0.813292 -0.599297
-0.284343 -0.971730
-0.445196 -0.028523
0.799384 -0.379534
-0.585159 -0.811170
-0.520144 0.031131
1.050195 -0.427979
0.950777 0.772148
0.233058 0.113910
-0.418158 0.697916
-0.031672 0.988160
-0.287452 -0.054928
0.331909 -1.276670
0.457499 1.048266
0.107592 0.971248
-0.784137 -0.240140
0.918409 0.319026
-0.374189 0.969479
-0.615587 1.036788
-0.640453 0.702610
0.736038 0.185853
0.018765 1.441862
-0.066550 1.397750
0.913316 0.102452
-0.286325 0.940741
0.430817 -0.236852
0.498626 0.163418
0.245084 1.082952
0.437031 1.215765
0.922101 -1.268307
-0.195417 0.378855
0.439597 -0.834220
-0.230694 -1.168439
-0.133252 -0.890554
-0.150156 -1.044169
-0.202940 -0.949139
0.568105 -0.623926
-0.243410 -1.173474
-0.722383 -0.790055
-0.383689 -0.996164
-0.452029 -0.837791
0.519550 -0.752411
0.557598 -0.223871
-0.103018 -0.938429
-0.614056 0.774249
0.594111 -0.590630
-0.276136 1.153920
-0.074018 0.571464
0.456855 -0.295153
-0.097699 0.807594
0.251810 -0.077203
-0.801891 -0.774286
-0.318800 -0.191412
-0.750135 -0.439214
-0.774789 -0.289169
-0.915914 -0.092669
0.178431 -0.431779
-0.103119 0.717778
-0.079490 0.923215
1.204959 -0.597354
0.374173 -0.842567
1.064409 0.606381
0.772969 1.053225
0.566454 1.145200
0.708569 0.573319
-0.625834 -0.446089
-0.671446 -0.755628
-0.375527 -0.686743
1.068405 0.120058
-0.575032 0.851981
0.388929 -0.307019
-0.327450 -1.238269
0.370679 -0.267190
-0.026945 -0.753923
-0.029788 0.396596
0.406411 -0.609393
0.024481 -0.938659
-0.378073 -0.901526
0.258912 -0.860828
-0.629318 -0.598603
-0.020479 1.168759
0.356152 -0.867172
-0.826727 -0.444947
-0.598262 0.515139
-0.303586 0.478305
-0.336067 -1.133222
-0.207024 -0.987014
-0.111079 -1.011475
-0.534833 -0.502316
-0.577741 -0.327301
0.141181 -0.063273
-0.761923 -0.110913
-1.005595 -0.173573
-0.251416 0.402777
0.617275 -0.080239
-0.046687 -0.175262
0.539841 -0.242057
-0.541683 0.671853
-0.571804 0.746238
0.994599 0.691700
0.839553 0.806736
0.489627 -0.390073
0.268059 -0.236599
0.309959 -0.331480
0.402498 -0.073267
0.706716 -0.184303
0.578373 0.317263
-0.853194 0.322829
-0.717827 0.329544
0.047764 -0.054325
0.535717 -0.632263
0.518541 -0.035204
0.179316 -1.078435
1.026864 0.432730
-0.486493 0.081968
-0.371022 0.678654
0.909526 0.491093
0.813926 1.151812
0.754776 1.076141
-0.494242 0.788715
-0.666546 0.288579
0.716692 -0.447271
0.692708 -0.469483
0.991916 -0.106978
0.773074 0.147910
-0.201627 1.142325
0.354501 0.926577
-0.943644 -0.242909
-0.821026 -0.414871
-0.042111 0.989301
1.478470 0.658339
0.997930 -0.676380
0.256263 0.868041
0.722802 1.193598
0.008448 0.722295
0.734140 0.091094
-0.467997 -0.564620
0.638533 0.143204
0.679544 0.117313
0.528652 -0.137520
-0.514136 0.026477
0.912563 0.264569
0.170131 1.026834
0.618652 -0.833883
0.911183 0.885840
1.033310 0.818209
0.823835 -0.382938
0.638251 0.296199
0.808406 0.284134
0.546586 -0.131192
0.601928 -0.187960
0.678317 0.284288
0.560295 -0.120120
0.897828 0.325446
-0.695022 0.708012
-0.927657 0.233212
0.579508 0.322096
0.176383 0.773025
0.248195 1.312305
0.760976 -0.171502
0.724350 -0.075924
0.748221 1.158797
1.050709 0.575391
0.779750 0.191839
0.191693 1.283725
-0.518974 1.088588
0.670747 0.347101
-0.652930 -0.338254
0.949580 0.311307
1.038449 0.737226
1.175232 0.756285
0.977989 0.694020
0.524310 0.945809
-0.465278 0.857368
0.909380 0.544964
0.071876 1.314309
0.191829 0.866963
-0.231814 0.940797
0.765158 1.152115
0.874128 0.036396
0.658552 -0.211013
0.052074 -0.954341
0.366998 -0.867559
0.420717 0.894797
0.557184 -0.134645
0.161213 -1.088014
0.493542 -0.755219
0.423943 0.972628
1.172910 0.460184
0.928557 -0.073972
1.051812 0.203689
0.767135 -0.002665
0.748215 -0.044318
0.079327 0.925254
-0.130962 0.674605
0.985314 0.235389
0.670969 0.167399
-0.364429 -0.324651
0.520413 1.013974
-0.261021 0.970804
0.867023 0.885504
-0.164306 -1.008718
0.095531 -0.829638
-0.121427 0.274084
0.476388 -0.172799
0.537906 -0.414033
0.710599 -0.354008
0.045786 0.601072
-0.036708 1.064927
0.836047 1.030805
1.035093 -0.254574
0.964439 -0.189289
0.348355 0.989710
1.142201 0.289881
0.622383 0.854601
-0.367057 0.839227
0.138047 0.606261
-0.269889 0.127006
-0.192892 1.090385
0.710428 0.593716
-0.926913 -0.179346
-0.150249 0.188883
0.210190 -1.009095
-0.929567 -0.192157
-0.698294 -0.765857
-0.306292 -0.348203
-1.031941 -0.598569
-0.673207 -0.793755
-0.499960 0.328955
-0.350968 -0.692854
-0.398975 -0.981276
-0.786512 -0.591064
-0.715586 -0.367642
-0.759504 0.605436
-0.686156 0.427877
-0.344569 0.553918
-1.308373 -0.038341
-0.489766 -0.420071
-0.642562 -0.340468
-0.187093 -1.220501
-0.026956 -0.759542
-0.100669 -0.501753
0.426832 -0.180012
-0.923443 -0.387904
-1.130849 0.463135
-0.818700 -0.858286
-0.619453 -0.695895
0.242410 -0.691333
-0.755027 -0.151511
-0.985824 -0.530596
-0.108606 -1.758642
-0.645697 -0.413786
-0.394814 -1.008800
-0.721420 -0.434104
-0.086862 -1.112585
-0.146227 -0.852033
-0.196739 -0.910294
-1.213829 -0.567184
0.314803 -0.759433
-0.372282 -0.242179
0.527991 -0.626164
0.375998 -0.299980
0.764880 -0.153760
0.975267 1.083996
-0.690979 -0.694606
-0.091601 -0.770129
0.280996 -0.750286
0.342611 -0.565607
0.627857 -0.551635
0.427101 -0.171598
-0.345340 -0.316919
0.318955 -0.260765
0.950858 0.915139
-1.136515 0.414097
-0.519165 -0.969444
-0.995750 -0.391604
-0.898234 0.168459
-0.332477 0.743165
-0.322252 0.494021
0.007101 -1.191230
-0.046877 1.352612
0.033983 1.262518
0.854306 -0.177271
-0.367453 0.339641
0.125282 0.908966
0.462600 0.005870
0.178465 -1.258985
-0.443067 -0.291287
0.364578 -0.562184
-0.200562 0.998489
-0.448184 0.272306
-1.141490 -0.454438
-0.836545 0.650194
0.213894 0.434466
-0.056351 1.093854
-0.385058 0.954164
0.716718 1.255786
-0.920411 0.176151
-0.945854 -0.084036
-1.016785 0.276080
0.907288 -0.483670
-0.558132 0.548381
-0.020535 0.320580
-1.239992 -0.096597
-0.508041 -0.664475
-0.176044 -1.025607
-0.261696 -0.973967
-0.523369 -0.970963
-0.362043 -1.191268
0.282006 -0.507087
-0.691800 -0.766167
0.248195 -0.885157
1.052065 0.149283
0.875481 0.238587
0.405908 0.169955
-0.854692 0.689450
0.367298 -0.136289
0.786871 -0.476214
0.053061 -0.789570
0.184701 0.795302
1.075953 0.365321
0.347520 0.823583
0.489271 0.138673
-0.756948 -0.063324
0.156599 0.625496
0.345176 1.466621
-0.230540 0.161375
-0.880331 0.277415
0.337149 -0.456776
0.079352 -0.099008
-0.255399 -1.801100
-0.351075 0.887693
-1.056061 -1.000718
-1.130996 -1.056098
-0.664447 -1.212705
-0.801562 -1.029785
-0.913749 0.073939
0.623474 -0.811580
-0.880681 -0.359216
-0.344579 0.520289
-0.278193 0.737908
-0.776177 0.639409
-0.499217 0.255642
-0.407066 1.476290
-1.012814 0.662975
0.534690 -0.656183
-0.199216 0.316098
0.206115 1.080223
0.861335 -0.099589
-0.968850 0.225713
0.094700 -1.055560
0.479457 -0.673294
-0.447131 -1.041133
-0.144165 -0.742918
-0.706386 -1.577606
0.238476 -1.194906
0.243495 -0.993255
-0.589000 -0.881586
-0.586101 -0.954712
-0.467715 -1.235745
0.007433 -0.941182
-0.646333 -0.528246
-0.137733 -0.679678
0.664864 -0.171811
0.384572 0.691610
0.651617 -0.511700
-0.773629 -0.090013
0.208780 -1.296566
0.511596 -0.009965
0.460768 0.280399
-0.532528 0.443995
-0.766786 0.471328
-0.627189 -0.402551
-0.872967 -0.259222
0.521897 1.216911
-0.294234 0.844180
-0.761425 0.357505
-0.781974 0.038469
-1.045096 0.327506
0.141540 -0.391174
-0.811351 0.446435
-0.572938 0.212039
-0.004683 0.826579
-0.140646 0.889381
0.681863 -0.353612
0.243832 -1.269495
0.649718 -0.799066
-0.788746 -0.411580
-0.676651 -0.599083
-0.903104 0.184395
-0.534072 -0.355580
-0.261987 -0.583131
-0.862013 0.259467
-0.703647 -0.797235
-0.480886 -0.386821
0.348504 0.802852
-0.069278 -0.485718
-0.788910 0.476252
0.057948 0.905092
0.115316 1.221375
0.664482 1.071661
0.690074 0.760220
0.629619 0.821598
0.779528 1.010629
0.528811 -0.427180
-0.687002 0.516727
0.668496 0.940466
-0.786208 -0.257715
-0.770095 0.079491
0.973774 0.611086
0.622620 -1.084860
-1.196983 -0.198170
-0.796145 0.322393
-0.193059 0.299553
0.707078 -0.454297
0.664382 -0.215105
0.900952 0.806619
0.851276 0.943418
0.462713 -0.479285
0.681530 0.885612
0.939971 0.778778
1.052650 0.726345
0.420303 0.793862
-0.447865 0.192356
0.639230 -0.300380
0.335398 0.067401
0.995126 -0.531654
0.794909 0.393627
1.093438 -0.300050
0.912171 0.134537
0.846613 0.973967
0.772681 0.783543
0.296599 0.661174
0.475797 0.959551
0.475833 1.219072
0.124207 -0.876971
0.312591 -0.052176
-0.047322 0.778157
0.044980 0.913366
-0.665122 0.011125
0.188190 -0.747212
-0.980269 -0.669453
-0.223563 -1.109410
-0.251659 -0.682966
-1.180132 0.904291
-0.661862 0.802053
0.343306 -0.940848
0.592148 1.127602
0.867195 0.405382
-0.473419 -0.247112
-0.628146 0.368165
1.170269 -0.128133
-0.231678 0.180902
0.428982 -0.600271
-0.580011 0.722093
-0.456121 0.038761
-0.747879 -0.356260
-0.750210 0.034064
0.288459 -0.078920
0.618087 -0.763707
0.942311 -0.519866
0.908597 -0.458868
0.538213 -0.187118
0.553420 -0.260326
-0.151374 -0.151263
-0.514269 -0.515761
0.486814 -0.189899
-0.849703 -0.101956
0.349132 0.216109
0.765607 -0.238297
0.667602 -0.745737
0.624754 -0.611492
-0.419396 -0.941273
-1.076046 -0.017306
-0.900413 -0.401834
-1.066342 -0.604880
0.757019 1.086516
-0.017026 0.828250
0.647213 0.915286
1.170871 0.819520
0.246536 0.992312
0.783486 0.126805
0.391135 0.190055
-0.210397 -0.946420
0.793478 0.185380
1.246235 -0.243064
0.517362 -0.858860
-0.622864 0.450574
0.776164 0.028041
0.193749 -0.557046
-0.895744 -0.399487
0.817642 -0.195170
0.633162 0.884058
-0.844434 -0.162121
-0.575069 -1.018378
-0.040218 0.158650
0.617246 0.111929
-2.577743 2.543166
-2.577768 2.543208
-0.844177 0.208932
0.470278 1.226026
0.414710 1.005919
0.566902 -0.367895
0.639620 -0.296018
0.732734 1.053782
0.259649 1.023862
0.412634 1.081838
0.458274 -0.869226
0.669506 0.805241
0.989628 0.267925
-0.095034 -0.469107
-0.175083 -0.835121
0.749630 1.206463
0.948614 0.834382
1.317860 0.203115
0.922928 -0.528522
-0.047797 0.641335
0.023243 0.877779
0.224856 0.373688
0.711198 1.161067
0.814873 0.805797
-0.900296 0.172113
0.128413 0.664523
0.941236 0.311537
0.827654 0.361215
0.831802 0.994397
0.857977 0.475896
-0.692232 -0.207881
0.335943 -0.955379
0.534827 -0.649004
0.973931 -0.004011
0.924022 0.080187
0.940536 -0.249839
0.896359 -0.234439
-0.830542 0.966633
0.679325 -0.663527
-0.704887 -1.188916
0.608405 -0.735909
-0.865982 -0.888649
-1.387200 -0.067363
0.134510 0.874484
-0.098744 0.020104
-0.917648 -0.358906
-0.030783 1.126882
0.090013 -0.942886
-0.565368 0.481789
-0.629129 0.882596
-1.064080 0.168923
0.237681 -0.305353
0.296213 -0.171145
0.861923 -0.214745
-1.029390 0.189942
-1.170718 0.201387
-0.936020 0.179096
-0.748517 -0.015121
0.586400 -0.358486
-1.271477 -0.585078
-1.045684 -0.580528
0.528432 -0.522693
-0.837352 -0.781285
0.940358 -1.072481
0.043791 -0.983684
0.037763 -0.880679
-0.938840 0.540640
-0.246763 0.002873
-1.037208 0.093755
-0.437205 -0.746100
1.006113 0.771222
0.478173 0.792545
-0.499302 -0.137289
0.797905 0.541996
0.677563 1.123407
0.008125 0.814098
0.943765 1.028824
0.328439 0.372254
0.810856 -0.461138
-0.027434 0.973724
-0.085320 0.341410
1.127234 0.456146
0.474244 0.999602
0.839436 0.704569
0.758498 0.231357
-0.188872 0.729030
-0.152550 0.883905
-0.236185 0.921365
0.741480 -0.029182
1.004361 0.265167
1.100985 0.017652
0.544260 1.048566
0.148734 1.532052
0.757323 0.538616
0.782082 0.865386
0.627451 0.320244
0.054875 -1.099871
0.020113 -0.982717
-0.416138 0.231456
0.471637 -0.684288
-0.605944 -0.461737
-0.897226 -1.197200
0.436236 1.151355
0.169136 0.163946
1.258331 -0.341745
1.300688 -0.342579
-0.869693 0.308543
-0.767619 0.316108
-0.061855 -1.011698
-0.292102 0.597996
0.555863 -0.165391
-0.180531 -1.103268
-0.182740 -0.917751
-0.890914 -0.802612
0.683173 0.455182
1.167269 0.971735
0.571842 -0.671027
-0.207951 -1.408589
-0.025953 -0.922677
-0.785303 -0.560376
-0.079637 -1.490542
-0.920648 -0.422681
-0.765351 -0.739468
-0.965316 -0.601130
-0.123092 -1.372389
-0.686851 -0.936402
-0.603083 -0.882040
-0.049601 1.377611
0.758003 -0.771791
0.397865 1.338894
-0.259414 -0.980679
-0.953203 -0.881655
0.343097 0.956619
-1.187057 0.119120
-0.310809 0.146546
-0.828001 -0.354443
-0.860570 -0.342571
-0.363544 0.652677
-0.573314 0.243968
-0.224523 1.108087
0.726713 -0.167555
-0.380828 -0.875197
-0.621813 -0.119851
0.619593 -0.564278
0.776217 -0.676229
0.260703 1.372511
0.612407 0.592081
0.650859 0.704826
0.500016 1.075253
-0.955156 -0.006399
-0.900713 0.396180
0.005656 -0.145265
-0.904402 -0.593498
-0.190158 0.743940
-0.160314 1.022906
0.226973 -0.959969
-0.048101 -1.034378
-0.374236 0.856604
-0.424003 0.620396
0.321173 -1.322285
0.363504 -0.749122
0.452217 -0.830184
-0.507226 -1.029595
-0.324052 0.711643
0.136403 0.397355
0.881383 0.717270
-0.982668 0.024131
-0.504022 -0.353453
-0.036444 -0.251525
0.512502 0.894188
0.986441 0.874263
0.711024 0.246178
0.873610 0.821973
0.526774 0.851080
0.687824 1.070659
0.200311 1.153211
0.899133 0.137925
0.649665 1.245184
0.466997 1.249095
0.431874 0.983003
1.116048 0.755484
1.016730 0.784434
0.682524 0.831506
0.169865 1.223468
0.392547 1.054726
0.389571 -0.097080
-0.191063 0.286250
-0.976596 -1.006885
-0.985466 -1.039926
-1.043925 -1.065915
0.413408 0.935719
0.314707 1.278627
0.526095 -0.309033
1.585839 1.228289
-0.649894 0.405906
-0.929653 0.034504
0.060475 1.178928
1.068789 -0.679821
0.046331 -1.455848
-0.375811 -1.167645
-0.622175 0.305499
0.279494 -0.513784
0.309669 0.711474
-1.134142 0.478588
0.609644 0.306638
-0.214188 -0.815376
-0.674485 0.712835
-0.045391 0.767567
-0.641231 0.502370
0.834723 1.359248
0.954631 0.802736
0.290022 -0.083485
-0.581406 0.561091
-0.573381 0.583956
-0.647378 0.072964
-0.330848 0.451542
-0.457429 0.794693
0.215158 0.207411
-0.403989 0.778128
0.458162 1.179494
-0.012477 1.046220
0.065722 0.154012
-0.932546 -0.119613
0.099618 -1.319247
-0.582807 0.323726
-0.868215 0.311371
-0.654634 0.266407
0.786628 -0.126558
0.386840 -0.234414
0.146399 1.417955
0.287915 -0.314434
-0.515228 0.785689
0.325093 1.076882
0.480132 1.041454
-0.816887 0.499496
0.722365 -0.505541
-0.448946 0.956987
-0.451540 0.078330
-0.784614 0.191997
0.988888 0.504610
-0.729756 -1.082714
0.181546 0.717434
-0.724759 -1.210729
-0.736782 -1.296084
0.871082 0.358494
-0.080921 0.548989
0.628863 0.728565
0.445099 -0.298797
-1.110201 -0.785097
-0.898516 0.500488
0.713892 0.264991
0.476312 0.998923
0.802267 0.298039
0.331079 1.287765
-0.247166 0.928025
0.016592 0.867934
0.546620 1.170579
0.993974 0.464058
-1.111950 0.165735
-0.302323 -0.243601
0.479849 0.034635
-0.735285 0.342920
-0.597183 -0.315496
0.434993 0.967434
0.733681 0.331616
0.429943 1.119431
0.616444 0.560167
0.852780 0.190288
0.593299 0.047670
0.519584 0.353013
0.214430 -0.102350
-2.083398 -2.511191
-2.083351 -2.511260
-1.661545 0.667472
0.972761 0.225038
0.371305 0.986406
0.920721 0.627316
0.449941 0.673229
-0.669630 0.767209
0.035080 -0.286123
-0.656700 0.007717
-0.426041 -0.683241
-0.308651 0.666080
-0.930865 0.152060
0.330102 1.839887
0.342772 1.794541
0.586088 0.899023
0.770174 1.057022
0.663989 1.041707
-0.034155 1.019102
0.965601 0.229158
0.507311 0.951399
0.885172 0.811835
0.945846 0.799353
0.983657 0.912686
0.625805 0.923496
0.639197 1.048025
0.734805 1.166422
-0.396545 -1.059680
-0.233140 1.326384
-0.281029 0.322460
0.552022 0.703301
0.891285 0.437367
-1.138696 -3.162343
-1.138567 -3.162240
-0.845134 -0.075956
-0.275709 -1.016204
0.310972 0.673443
0.180609 0.709669
-0.752519 -0.581580
-0.918423 0.372361
-0.401665 -0.182920
-0.495486 -0.188117
-0.226537 0.610270
-0.262654 -0.726082
-0.466023 -0.644752
-0.142321 -0.962671
-0.350959 -0.948279
-0.099100 -0.817163
-0.436920 -0.833554
-0.257170 -0.833014
-0.627296 -0.597652
-0.910421 -0.562530
-0.424197 -0.444276
-0.511877 -0.119964
0.194501 1.022521
0.786595 0.677223
-0.971008 0.089818
-0.736584 -0.108134
0.693198 0.776732
-0.733643 -0.878404
1.026960 0.943130
-0.281424 -1.202861
-1.144177 -0.286678
-0.787927 0.505686
-0.576549 -0.494489
0.526502 -0.326335
0.251786 -0.216278
0.581137 0.873877
0.770745 1.038546
0.800885 -0.011100
0.511019 -0.117086
0.779696 0.434685
0.669798 1.083360
-0.967278 0.180022
0.863073 -0.888398
-0.685884 0.606477
0.661915 -0.812749
-0.206626 0.540997
0.982150 0.110906
0.882152 0.464186
0.970195 0.100269
1.026299 0.568452
0.618843 0.037920
-0.851362 -1.021594
-0.413686 -0.854118
0.992860 1.099147
-0.863259 -0.371363
-0.574129 -0.438082
-0.522065 0.342138
-0.212936 0.097085
-0.914746 -0.273246
-0.090888 0.427364
1.096994 1.435243
-0.847695 -0.661490
-0.245744 1.328501
0.496910 -0.686528
0.792439 -0.540807
-1.351472 -0.594772
-0.242116 0.537719
0.426797 0.014290
0.038002 -1.437337
0.853557 0.082143
1.091977 0.312365
-0.019736 0.095102
-0.536769 -1.137943
-0.068285 -1.261981
-0.185928 -1.305627
-0.653649 -0.820257
-0.180116 0.784225
0.252206 -0.386804
0.542938 -0.309867
-0.305267 0.528733
0.911601 0.059461
0.071304 -1.030507
-0.090889 -0.690542
0.417655 -0.349340
0.820852 -0.425434
0.086761 -1.026033
-0.601114 -1.070905
1.277284 1.445722
0.717556 -0.972935
-0.333326 -1.074701
-0.167176 -0.848971
-0.023372 -0.904797
-0.567237 -0.024331
-0.358583 0.985454
0.856963 -0.177747
-0.618897 0.292218
-0.790535 -0.209819
0.582509 0.920518
0.677906 0.119931
0.657272 0.175677
0.084138 0.666382
0.045408 0.563435
0.548384 0.290590
0.117841 0.784516
0.741902 1.248300
-1.102793 -0.398529
-0.391747 1.052218
-0.837780 -0.273310
-1.328024 0.407037
0.696772 0.220608
-0.892599 -0.794371
0.169820 -0.959288
-0.586416 -0.089241
0.174265 -1.479932
-1.050412 -0.339434
-0.789792 0.065139
-0.688958 -0.057376
0.446369 -0.197837
-0.977836 -0.093389
-0.177848 0.620593
0.241400 -0.446132
-0.675624 -1.168849
-0.799551 0.196402
-0.969431 -0.111725
-0.998489 -0.213095
-0.974505 -0.154741
-0.948464 -0.411990
-0.785139 -0.147215
0.520596 -0.229197
0.923258 1.405830
-0.287927 0.603728
-0.197432 0.184996
-0.837777 0.864969
-1.038432 -0.114125
0.307018 -0.907507
-0.758611 -0.084947
-1.038597 0.303310
-0.864216 -0.304331
0.694362 -0.424864
0.595050 -0.136139
1.385057 -3.322899
1.384133 -3.319803
-0.998979 -0.028029
0.516029 -0.182240
-0.469846 0.262681
0.778545 -0.551646
-0.882289 0.139877
-0.741672 -0.899659
0.775272 0.986281
0.754895 0.539743
0.931282 -0.036485
-1.317661 0.391835
0.037690 -0.069820
-0.378837 -0.613795
-0.303501 -1.137859
-0.332049 1.205751
-0.235472 1.189873
0.709939 -0.370659
0.827712 -0.435048
-0.265575 -0.813480
-0.395926 0.514499
0.163154 -0.981517
0.876608 0.385193
0.406931 0.356664
-0.303443 -0.392371
-0.197066 -0.542988
-0.561793 -0.998354
-0.818914 -0.869210
-0.659109 -0.234660
-0.664269 0.349696
-0.772323 0.216838
-0.162042 -1.256894
-0.658228 0.483344
0.370179 -0.359135
-0.958497 0.285531
-0.768247 -0.590942
-0.355079 -0.582615
-1.387965 -1.062358
-0.791699 -0.560113
-1.302772 0.000818
-0.004853 0.854694
-0.115334 0.284892
-0.514237 0.672579
-1.304694 -0.224254
-0.595185 0.347548
0.904093 0.428616
0.874104 -0.545267
0.852559 0.001049
0.836544 -0.052048
0.850881 0.133277
-0.267682 0.589158
-0.415427 0.597319
-0.519192 0.117735
-0.344531 0.258964
0.280192 -0.514266
0.691901 1.146997
0.824716 0.285801
0.791829 -0.289811
0.867456 0.344655
0.415338 -0.244066
0.170387 -0.929749
0.413598 -0.623770
-0.240579 0.978181
-0.468100 0.216851
-0.026825 1.307778
0.055928 0.850028
0.088757 0.669758
-0.131184 0.751843
-0.069672 0.861114
0.509956 1.009288
-0.163270 1.149638
-0.926961 0.256770
-0.509659 0.755965
0.540911 -0.585338
0.084806 0.044827
-0.154192 0.914668
-0.509753 0.364917
0.606645 -0.895155
-0.250934 -0.909832
0.290559 -0.375782
-0.078127 -1.087917
0.698284 -0.436789
-0.036597 -0.935148
0.236271 -0.836478
0.551166 1.253952
-0.837025 -0.591016
0.816655 1.210701
0.873227 1.150215
0.516575 0.048293
-0.624284 -0.552876
0.546877 0.178859
-0.111326 0.745973
0.562598 1.153938
-0.865905 0.231946
0.508654 1.517702
-0.852604 0.310613
0.948962 -1.110921
0.916924 -1.047432
0.635565 -0.871283
-0.131043 -0.842256
-0.446853 0.532619
-0.257063 -0.856400
-0.739139 1.359816
-0.389298 -0.976790
-0.537122 0.846044
1.132247 0.354187
0.220039 -0.719227
0.385992 -0.823930
0.841963 -0.443938
-0.364184 -0.519404
-0.520874 -0.026599
1.221731 0.012170
0.510826 0.928240
-0.744062 0.356335
-0.334580 0.456900
-0.876742 -0.360580
-0.125608 -0.962679
0.759835 0.438451
0.724538 0.020105
0.358730 -0.899286
0.364373 1.110886
0.685901 1.120276
0.935680 0.563525
-0.445822 0.542248
-0.844527 -0.103057
-0.836187 -0.600341
-0.874053 -0.443236
-0.683573 -0.714871
-0.695775 -1.038401
0.570023 1.092275
0.862601 0.724384
-1.139155 -0.778114
0.822852 1.175442
0.912412 1.780025
-0.871152 0.020189
-1.216006 0.424306
-0.975644 0.358858
-0.840747 -0.132702
-0.569013 0.861788
-1.053946 -0.367418
-0.529703 0.650976
-0.145934 0.552574
-0.542666 -0.126555
-0.290066 0.813848
0.572116 0.416700
0.661346 0.329632
0.728332 0.806882
0.653777 1.190343
-0.817626 -0.268210
1.165109 0.804494
0.933619 0.626931
-1.035903 0.263930
-0.141387 0.780197
1.026657 -0.144255
-2.288890 -2.296040
-2.289774 -2.299364
0.014489 1.271299
0.218045 1.442950
-0.487721 0.036202
-0.342953 0.042702
-0.186077 0.968555
-0.037130 1.240037
-0.190384 1.004876
-0.536568 0.036537
0.125584 -0.186225
-0.713297 -0.381773
0.028069 -1.082709
-0.950723 -0.929877
-0.104870 -0.391033
-1.151266 1.232804
0.290286 -0.526205
0.854626 -0.659682
-0.395103 0.208650
0.281140 0.277323
-0.182075 0.391456
1.156263 -0.048536
1.085653 -0.367318
0.089983 1.165425
0.014302 -0.064636
-0.374667 0.217812
-0.427671 0.649171
0.381675 -0.016016
0.016862 0.296176
0.255310 -0.140706
-0.402077 0.254294
0.402407 -1.017437
0.518419 0.254368
0.036833 -0.369025
0.093554 0.191734
-0.111134 0.736785
0.285267 -0.128699
0.075746 -0.268279
-0.494893 0.467335
0.239365 0.129358
1.034482 -0.095086
-0.555622 0.187806
0.464789 -0.128174
-0.018324 0.046945
-0.309756 0.082010
0.144976 0.140724
0.776592 0.157483
0.331193 0.149512
-0.380180 0.399639
0.501081 0.011048
0.237187 0.008010
-0.222592 0.152031
0.122436 0.060683
0.457692 0.494254
0.068076 0.150249
-0.001039 0.805267
-0.010169 -0.128740
0.767205 -0.323862
0.243587 -0.551182
0.275908 -0.087060
-0.808129 0.448262
0.606309 -0.188527
0.471396 -0.129859
0.240391 -0.380022
0.583400 -0.228334
-0.204159 0.812141
0.415923 -0.129322
0.768400 -0.145452
0.038749 0.967183
-0.485823 -0.221687
-0.881603 -0.485239
-0.153110 -0.200731
0.280225 -0.768238
0.440872 -0.758864
-0.145145 0.842889
0.485306 -0.486177
0.030322 0.015357
-0.648463 0.628835
0.255981 0.000736
0.109079 -0.058244
-0.337125 0.393806
-0.273721 0.083898
0.280793 -0.228478
-0.641796 0.536107
0.618400 -0.253966
-0.520964 0.382868
-0.264762 0.652658
-0.161473 0.028357
-0.522736 0.860584
1.007438 0.719312
-0.576141 0.486123
-0.102961 0.116031
-0.047111 0.483395
0.605656 -0.514654
0.064203 0.484132
-0.309936 0.102904
-0.102698 0.291079
-0.735074 0.290635
0.028665 0.097647
0.721932 0.019689
-0.282989 0.480381
0.174427 0.246807
0.251991 -0.620961
-0.541050 -0.609540
0.093894 0.082412
-0.904947 0.387375
-0.388083 0.184301
0.209701 0.306051
0.781286 0.132821
-0.277894 0.691323
-0.077912 0.420348
-0.064574 0.196380
-0.175451 0.457501
-0.429336 0.312885
0.379199 -0.448950
0.663284 -0.106035
-0.591816 0.478852
0.519592 0.054373
-0.410795 0.439221
0.115753 -0.005840
1.086471 0.116765
0.048096 0.342340
-0.294919 0.500458
-0.159437 0.117749
-0.333642 0.471565
0.022293 0.758409
-0.357747 -0.026653
-0.082056 0.115009
-0.437097 1.172620
-0.843797 0.168719
-0.766073 -0.584749
-0.839189 -0.227684
-0.404985 0.699116
-0.372478 0.426719
-0.437618 -0.907472
-0.964442 -0.993129
-0.673210 -0.615640
0.471377 -0.804581
-0.620069 -0.560563
-0.068778 -0.620315
0.198297 -0.448857
-0.071310 -0.983415
0.893214 0.716603
-0.825419 -1.048672
-0.416079 0.703287
-0.799279 -0.380693
0.051427 1.233097
-0.710344 -0.695644
-0.978519 -0.936169
0.236773 -0.564424
0.350958 -0.623861
-0.436793 -1.047225
-0.694409 -0.326002
0.861019 0.690140
-0.751313 -0.558690
0.009202 -0.746534
-0.317775 0.223413
-1.057509 0.412421
0.561970 -0.367272
0.884500 -0.199522
-1.649508 0.106800
-0.408562 0.794449
-0.390786 -0.199467
-0.318718 0.131437
-1.027143 0.907761
0.398669 0.406225
0.751377 0.152673
-0.164297 -1.172214
-0.711120 -1.219301
-0.952789 0.657718
-1.109490 0.264817
0.904522 -0.434931
0.114724 -0.973624
0.961339 -0.323762
1.077935 0.783234
-0.685361 0.355276
0.988859 0.422493
1.014785 0.451431
0.123842 -1.215875
-0.195930 0.337629
1.003498 -0.162389
-1.233099 -0.476523
-0.892513 -0.493496
0.631474 -0.267219
0.856995 0.714903
0.030432 0.938480
0.695329 0.217417
-0.120702 0.219285
0.580761 0.726994
-0.780666 -0.420162
-0.711078 0.637156
-0.633407 -0.928843
-1.088913 -0.684231
-0.369347 -0.362156
0.675918 -0.240163
-1.357572 -0.689966
-1.440663 -0.763902
-0.018258 0.981211
3.116857 1.383237
3.118820 1.383920
0.726610 -0.479849
1.070868 0.250216
1.094392 0.480146
-0.746449 1.195383
-0.449580 0.132787
-0.497567 0.880078
-1.605091 -2.701416
-1.605364 -2.702021
-0.460111 -0.152472
-0.771141 -0.578221
-1.165785 0.840821
-0.462207 -0.384424
-0.424423 1.600520
-0.418465 1.596271
-0.771113 -0.175835
0.863179 0.604658
-0.979211 0.419018
0.615294 -0.218489
0.793050 -0.531880
-0.513443 0.682914
-0.472313 0.872200
-0.535313 -0.990206
-0.605425 -0.781497
0.089084 -0.918630
-0.036735 -0.701012
0.235806 0.310918
1.334195 -0.327570
1.058464 -0.238304
0.004072 -1.320259
0.842579 0.998039
0.681612 0.995832
-0.875175 0.516816
-0.929437 0.378756
-0.471364 -1.222297
-0.959784 -0.895127
-0.532933 -1.093392
0.807016 -0.408551
-0.584414 -1.044545
-0.799111 -1.179758
0.747640 -0.553537
0.226305 0.927513
0.147587 0.671268
-0.443698 0.728209
-1.075757 0.746296
1.071563 -0.213254
1.220830 -0.018966
-0.552568 -0.902385
-0.493915 -0.956581
-0.930663 0.303314
0.728334 -0.293125
0.822581 0.336166
0.899052 0.496996
0.885117 0.423534
-0.097612 -0.970020
-0.538176 0.563477
0.856465 -0.040574
-0.822381 -0.852391
1.023716 0.061120
1.195601 0.375676
1.290597 0.079372
1.199019 0.126235
-0.845086 0.830242
-0.740710 0.341438
-0.789017 0.371140
-0.706110 -0.944545
-0.916690 -2.940741
-0.917381 -2.942512
1.237013 0.037572
-0.462371 1.262100
-0.279578 1.146108
0.952931 0.532743
-0.366412 0.427264
0.594216 -0.099809
0.231580 2.026292
0.103537 -0.997525
0.180775 -0.898634
0.775320 -0.675590
0.421592 1.555114
-0.729099 -1.323470
0.859281 0.674253
0.398876 1.802497
-0.333347 0.492236
-0.446582 -0.506144
0.691829 0.893898
0.837013 0.773143
-0.052389 -0.146415
-0.672216 0.481678
0.181081 -0.844117
1.011854 -0.195570
1.027526 -0.269586
-1.025748 -0.125368
-1.038817 0.194462
0.959975 -0.666918
1.022570 -0.698380
0.548817 1.603419
0.741004 1.372431
-0.308110 -0.222866
-0.277184 1.047988
-1.122120 -0.406357
-0.781334 -0.618933
-0.533404 -0.265133
-0.473908 -0.193230
-0.583387 0.681603
-0.970631 0.038553
0.971531 -1.077255
-0.058509 1.088353
-0.081121 -1.798504
-0.133098 -1.725446
0.233345 0.450564
0.986658 -0.028311
0.352923 -0.634413
0.595044 1.065074
0.414087 1.589178
-0.657133 0.132975
-0.816909 0.053709
0.048895 -1.190836
-0.243439 -1.374149
-0.183859 -1.301984
0.413449 -0.109108
0.998589 -0.284914
0.965922 0.876218
1.111198 1.239980
1.168686 1.235166
-0.353566 0.416391
-0.202739 0.925324
0.495848 -0.772721
0.935043 -0.386481
0.960215 -0.336466
-0.949995 -0.034413
1.069930 0.018849
0.677699 -0.447015
-0.628570 -0.614487
0.745674 0.750344
1.052728 -0.017375
-0.621771 -1.021299
-0.939816 0.278673
-1.090237 -0.946760
-0.599867 -0.958557
0.520502 -0.854392
0.544448 -0.727296
-0.860265 1.169391
-0.536852 0.909006
-0.236610 -0.557331
-1.272860 -0.680662
-0.165656 -0.903289
-0.735319 -0.507383
-1.126944 -0.250399
-0.063187 -1.234700
0.653831 0.482607
1.089314 0.856805
-0.099932 0.990644
-0.032875 0.977443
1.019608 -0.430563
-0.120961 3.133620
-0.120664 3.134696
-0.791706 -1.144237
-0.845265 0.755283
0.818372 -1.525422
0.593621 -0.191777
0.879614 -0.308270
0.772577 0.136345
-0.827214 0.773748
-0.327286 0.818147
-0.192371 0.858321
0.599440 -1.070691
0.563253 -1.071666
0.089778 -1.040776
-0.306816 -0.758261
1.034241 0.598062
0.749356 1.119185
-0.663684 0.363872
0.115268 3.424077
0.115159 3.425826
0.115789 3.421582
-0.492464 -1.102368
-0.830218 -0.784792
-0.765397 -0.598937
-0.602975 -0.553644
1.657264 -0.330141
1.617927 -0.352004
0.731207 -0.058501
0.570267 -0.206276
-0.454750 -1.012132
-0.208997 0.778352
-0.368714 0.855029
-0.878009 0.672098
-0.581121 0.736115
-1.344770 0.931293
0.441197 1.301363
0.696331 1.294026
-0.119940 -0.152468
0.393208 -0.818406
0.447635 -0.777659
0.389383 1.028099
0.952008 -0.423442
-0.947330 -0.549490
-0.635729 -0.924310
0.219151 -1.017583
0.273452 -1.195136
-0.571944 -1.473289
-0.685586 -0.875896
-0.909386 0.313510
1.051288 0.263345
-0.035142 1.136171
-0.180786 1.035832
-0.801847 -0.734669
0.137509 -1.337929
0.299677 -1.006242
0.239469 0.400266
0.118467 -1.101637
-0.304538 0.774789
0.941959 0.933348
0.343325 -0.045467
-0.879326 0.571378
0.673893 -0.786528
-0.971730 -0.049969
-1.013358 -0.015529
-0.888249 0.384226
-0.951336 -0.268778
-0.939640 0.272769
-1.117275 0.111481
0.699704 -0.863984
-1.056129 0.194900
-0.802279 0.331711
-0.831583 -0.396397
-0.782926 -1.010365
-0.593652 -1.058609
-0.107060 0.746040
-0.001508 1.042657
-0.281832 0.911412
1.032098 -0.234672
1.105155 -0.247634
1.118625 -0.258763
-0.933343 0.195223
0.904764 -0.064939
0.729378 0.351764
0.316669 1.085320
0.500157 0.015420
-1.182062 0.139200
-0.501743 -0.349000
0.357983 -0.065743
0.822591 -0.215301
0.914256 0.415718
-0.544832 -0.898451
0.895986 -0.250769
-0.068454 -0.958779
-0.634319 -0.676197
-0.981954 0.110231
-0.884681 0.189071
0.568216 0.672742
0.915311 1.069702
0.605789 0.915114
-0.953458 -0.361753
-1.191019 0.083843
-0.758354 0.277859
-0.648904 0.521454
0.717624 1.046726
0.727950 1.461248
-1.070927 -1.425061
-0.675289 -0.633021
-0.458428 -0.245692
-0.081652 0.769152
-0.435885 -1.319216
-0.902431 0.103675
-0.444792 -0.865740
-0.641201 0.943045
1.266969 -0.092674
1.155412 -0.101193
1.148576 -0.115268
0.550921 -0.242010
-0.482620 -0.324595
-0.369154 -1.056693
-1.136199 -0.014350
0.259781 -0.900655
-0.022904 -0.863273
-0.123430 0.760205
0.685066 1.160603
-0.755982 -0.688883
0.528618 -1.117293
0.630954 1.607930
1.014299 0.020694
1.047312 0.045899
-0.507157 -1.066567
0.325467 -0.627119
-0.357733 0.316760
-0.725172 0.645763
0.491253 1.102850
0.567798 0.982807
-1.129817 -0.387529
-0.797253 -0.815098
-1.078092 -0.212406
1.005882 -0.032493
-0.935596 -0.478493
0.852999 0.506711
0.484151 1.107476
0.333777 -0.704154
-0.523122 -1.206765
1.190647 -0.843833
-1.420868 -0.057299
0.669385 -1.120780
0.453372 -0.820741
-1.001034 -0.358066
0.374727 -0.895277
-0.570337 -0.926332
0.692776 1.508340
-0.095964 1.127050
-0.030933 1.394969
-0.738989 -0.829184
0.462964 -0.843620
-0.258913 0.453564
-0.240039 -1.260633
1.004218 0.014368
-0.531793 -0.712627
-0.476348 -1.046904
0.914852 -0.541334
-0.141970 -1.165476
-0.005662 -0.969258
-0.532303 1.108048
0.352254 -0.822691
0.220955 -0.514726
0.118853 -0.764852
0.961447 0.606978
1.334251 0.537758
0.563118 -0.597515
1.250768 -0.005385
0.073164 1.126926
-0.787569 0.900895
-0.030217 -1.090477
0.978326 0.208438
0.394823 0.570447
-0.196040 0.874549
-0.630399 1.103395
-1.149445 0.291074
0.717770 1.248916
-0.884843 -0.643313
0.883746 0.828395
0.378438 1.336034
0.213868 1.052012
-0.216960 1.021690
-1.176178 -0.342850
-0.778645 -1.056187
-0.193903 0.901419
0.723553 0.593824
-0.872688 -0.587481
-0.378371 -0.125287
0.119380 -0.887773
0.038213 -1.300944
0.356152 -0.486184
0.206062 0.760069
1.305755 0.146955
0.274357 0.246474
0.699786 1.001054
0.532895 1.322820
-0.932003 0.507828
0.443768 -0.585601
-0.016749 -0.975369
-0.802262 -0.490888
-0.902065 -0.573219
-0.343363 -0.157852
-0.091327 -0.576090
-0.843481 1.219375
-0.204551 -1.135904
0.743816 0.343338
-1.036313 0.561697
-0.579497 0.978291
0.899204 -0.502272
0.613183 -0.423391
0.943912 0.666641
0.645152 1.026450
-1.231153 -0.424949
-1.129094 0.015043
0.285867 -1.615914
0.154012 -1.384509
0.120294 -1.472453
0.795951 -0.319106
0.338045 -1.257197
0.397704 -1.401375
-1.005430 -0.466606
-1.128565 -0.495182
-1.163002 -0.492136
0.365997 -0.866323
-1.714162 2.942532
-1.714821 2.943825
0.749413 -0.854476
-0.245185 -1.196115
0.766440 -0.040944
0.932434 0.006975
-0.373947 0.022917
0.886739 -0.047238
1.067177 0.598224
0.914539 0.343899
0.594928 1.298349
0.019724 0.757927
-0.027925 0.883493
-0.350420 0.050088
0.102698 -0.540712
2.012816 -1.776780
2.010379 -1.774608
-0.120401 -1.155771
-0.345962 -0.843034
0.072863 1.535437
0.437612 0.424784
-1.468025 -0.372988
-0.578353 -1.216897
-0.860809 -0.773734
-0.546552 0.140723
0.956332 1.031777
0.654159 0.988151
-2.989105 -1.874004
-2.988601 -1.873706
-0.740202 -0.476405
-0.052296 -0.267332
-0.445905 0.536711
0.137321 -0.206540
0.029593 -1.369152
-0.654448 0.642244
-0.850576 -0.281547
0.592930 -0.788479
-0.401935 -0.720509
-0.635226 -0.948750
-0.262834 -0.472999
-0.587545 -0.245255
-0.033837 -0.648357
0.110504 -0.608555
1.304125 -0.265129
-0.112430 1.021797
0.393031 -0.144178
0.773196 -0.513801
-0.711841 -0.830002
