4540 2
1.767945 1.369322
1.790123 1.397469
1.872595 1.272278
1.937161 1.254985
1.859497 1.259348
3.252126 1.052452
1.766553 1.320160
1.673605 1.396669
1.561774 1.328143
1.872679 1.274999
1.769481 1.313182
1.699255 1.356212
1.432357 0.631684
1.761185 1.215211
1.758207 1.231055
1.556761 1.313303
1.790699 1.212208
1.265952 1.100201
1.682235 1.266320
1.492343 0.673762
1.849206 1.176862
1.539361 0.787360
1.576393 0.868792
1.702638 1.006689
1.616324 0.863477
1.635698 0.841745
1.520216 0.708706
1.341305 0.556169
1.599296 0.883279
1.704287 1.246135
1.729920 1.128769
1.561617 1.312359
1.754407 1.135124
1.756526 1.288701
1.393254 0.881316
0.701568 0.631418
1.739406 1.165903
1.843694 1.235069
1.396865 0.708110
1.530552 0.665096
1.456723 0.649656
1.424969 0.688086
1.470722 0.628305
1.363673 0.574662
1.427229 0.688692
1.463195 0.734687
1.443388 0.635525
1.461329 0.708009
1.479664 0.766451
0.870483 -0.252369
1.409632 0.612794
1.527909 0.782870
1.359331 0.773049
1.502780 0.682225
1.453742 0.715669
1.327175 0.631101
1.204845 0.228442
0.875038 0.589155
1.498626 0.700689
1.455952 0.744561
1.471290 0.750407
1.421332 0.686995
1.500563 0.703028
1.303248 1.061809
1.022147 0.689980
0.846922 0.546517
0.823769 -0.957325
1.493468 0.523265
1.453393 0.578109
1.437909 0.534031
1.292607 0.916859
1.398704 0.744385
1.470276 0.729954
1.303720 0.436688
1.428513 0.670950
1.396539 0.746942
1.371706 0.485408
1.442475 0.480479
0.190751 -1.182368
1.501232 0.664418
1.478866 0.664310
1.445950 0.524448
1.487354 0.485742
1.481601 0.657005
0.823612 0.033593
1.364936 0.606544
1.384377 0.792405
1.471070 0.715077
1.388280 0.727605
1.575123 0.757564
1.496726 0.618071
1.501494 0.648346
1.477202 0.716807
1.412957 0.730220
1.622873 0.749126
1.491859 0.615700
0.861226 -0.159387
1.342259 0.495353
1.450506 0.660191
1.375340 0.568037
1.486789 0.711103
1.379395 0.679848
1.545130 0.652753
1.443876 0.661412
1.498380 0.603312
1.705538 1.062093
1.825709 1.145321
1.732950 1.191839
2.014049 1.385688
1.987470 1.337959
1.804358 1.166767
1.910560 1.220763
1.359010 1.411969
1.971333 1.318503
1.841722 1.179726
2.183440 1.188063
1.841002 1.397433
1.910397 1.269053
1.801444 1.338626
1.893825 1.326844
1.873037 1.425408
1.697725 1.382473
1.901206 1.351607
1.925000 1.429595
1.756283 1.171218
1.937961 1.364729
1.900380 1.428392
1.921827 1.355216
1.930764 1.287353
2.361487 1.268013
1.926247 1.299150
1.941651 1.327892
1.889445 1.239443
1.776628 1.330003
-1.324624 -0.193156
1.841785 1.216528
1.952062 1.162383
1.780235 1.047387
1.669637 1.475851
1.819619 1.255474
1.537383 0.907389
1.968333 1.276786
1.932519 1.305258
1.459936 1.344916
1.959437 1.265985
2.032616 1.308447
1.906128 1.337623
1.924089 1.410980
1.490753 1.183702
1.731986 1.300150
2.018826 1.328260
1.768748 1.292097
2.036971 1.343252
1.898489 1.342181
2.014239 1.450987
1.780128 1.167097
1.987255 1.285966
1.794357 1.275669
1.738205 1.227002
1.777671 1.293302
1.151389 1.463543
1.217359 1.663448
1.297113 1.520514
1.276528 1.429197
1.310706 1.560969
1.211299 1.443124
1.237852 1.528141
1.222849 1.374427
1.335330 1.450673
1.271252 1.525441
1.295238 1.465600
1.259126 1.385027
1.276318 1.464084
1.249297 1.516486
1.233273 1.565457
1.369600 1.297537
1.307150 1.463925
1.229542 1.390949
1.080269 1.363123
1.323547 1.576082
1.281343 1.472979
1.257895 1.421665
1.247563 1.325770
1.270043 1.499951
1.961240 1.315402
1.897429 1.214757
1.965535 1.252711
1.897168 1.316142
1.940195 1.289339
1.907059 1.314708
2.013389 1.329383
1.896546 1.236741
1.878981 1.141766
1.968766 1.223009
2.016728 1.253931
1.968538 1.287122
1.770454 1.181239
1.892802 1.270335
1.620733 0.917952
3.154428 1.082038
1.852279 1.205159
1.781230 1.141951
1.993738 1.279241
3.167636 1.075260
1.797798 1.188425
1.717824 1.158280
1.617135 0.897430
1.744408 1.201180
1.947558 1.284099
1.762786 1.143897
1.771127 1.174963
1.873544 1.224551
1.672737 0.962536
2.134516 1.294919
1.895139 1.422800
2.033892 1.375172
1.902670 1.357282
1.931351 1.392008
1.994182 1.406969
2.022874 1.354262
1.968992 1.413514
1.983202 1.262784
2.042474 1.438930
1.960896 1.377693
1.969879 1.356118
2.042956 1.278949
1.653148 0.912406
1.691422 0.900938
1.567461 0.894894
1.733769 0.979776
1.822032 1.298735
1.549204 0.724069
1.890652 1.240096
1.557316 0.707979
1.917054 1.265201
1.987691 1.232932
2.037947 1.277022
1.747243 1.144580
1.557803 1.283004
2.044327 1.336707
1.970463 1.368909
2.012448 1.428488
-2.314619 -0.261155
0.051425 0.410992
-0.453696 0.337487
-2.508627 -0.280955
-2.328488 -0.251215
-2.310361 -0.272071
2.233713 1.301729
1.925852 1.153498
1.532059 0.906719
1.537348 1.421117
2.281544 1.309878
1.995115 1.333399
2.019463 1.394958
2.048737 1.410223
1.337670 1.576541
1.324180 1.294405
1.222104 1.433532
1.317672 1.365655
1.124405 1.372559
1.184057 1.500477
1.259433 1.587794
1.320064 1.443323
1.288422 1.483558
1.275230 1.455873
1.355891 1.496293
1.350997 1.411500
1.314629 1.326322
1.247214 1.525263
1.246886 1.504226
1.251498 1.235192
1.283013 1.444144
1.053971 1.253932
1.283506 1.513388
1.350637 1.464234
1.358750 1.460896
1.326567 1.491871
1.261372 1.513261
1.245883 1.284529
1.305320 1.429849
1.225494 1.437155
2.029082 1.180341
2.018840 1.355627
2.037274 1.356159
1.991894 1.405182
1.834087 1.302616
1.939599 1.356701
2.045804 1.146669
1.947322 1.311958
1.796322 1.196513
1.904294 1.379818
1.738822 1.113153
1.466421 0.707953
1.511929 0.725421
1.471770 0.685877
1.505916 0.799771
1.441830 0.675813
1.387611 0.619016
1.468466 0.627343
1.517846 0.627151
1.490366 0.765300
1.559240 0.687586
1.499262 0.706234
1.506569 0.656441
1.471362 0.730802
1.423932 0.662065
1.489729 0.692683
1.505573 0.735180
1.510641 0.697157
1.515973 0.592280
1.541224 0.666979
1.450107 0.755690
-0.292176 0.295242
1.987605 1.374349
2.051950 1.249390
2.068086 1.373324
2.119812 1.288857
2.056691 1.367673
2.026127 1.273382
1.996340 1.326787
1.949120 1.341140
1.785585 1.335717
2.108513 1.342510
2.055468 1.271117
2.136848 1.316738
2.124466 1.331480
2.024736 1.316500
2.031011 1.296840
2.076579 1.329134
1.707895 1.342114
2.013052 1.354610
2.111109 1.381891
2.042243 1.328685
2.051434 1.240892
2.157824 1.421263
2.172121 1.426585
1.643710 1.493888
2.068616 1.358653
2.145366 1.422239
2.134982 1.373294
1.987417 1.478963
2.048865 1.298946
2.149794 1.270362
1.954985 1.393674
1.914160 1.298046
1.861042 1.398873
1.828490 1.076395
3.446879 1.105486
3.448483 1.062873
3.492702 1.069872
3.302173 1.211763
3.450277 0.990336
3.476061 1.136070
3.449561 1.112777
3.462165 1.131439
3.442771 1.077734
3.592941 1.108046
3.430595 1.001198
3.446655 1.044917
3.480242 1.087796
3.392699 0.978567
3.496457 1.046997
3.493547 1.057392
3.496302 1.117255
3.483063 1.082843
3.454016 1.095289
3.568146 1.079358
3.369318 1.132943
3.481002 0.975360
3.421309 1.110733
3.457247 1.061025
3.467719 0.991485
3.479734 1.103940
3.459857 1.061390
3.382098 1.057659
3.455021 1.094250
3.521824 1.050675
3.484040 1.017863
3.417246 1.014791
3.450618 1.021187
3.450099 1.100387
3.358251 1.051309
3.542745 1.052707
3.454628 1.090038
3.438143 1.087096
3.444523 0.996881
3.500907 1.104720
3.497960 1.091525
3.472617 1.035280
3.487179 1.100071
3.392086 1.038809
3.455955 1.006164
3.380627 0.817350
3.420583 1.063345
3.493297 1.040082
3.381027 1.036285
3.250398 1.129524
3.466836 1.051485
3.424584 1.009705
1.285550 -0.225062
3.521777 1.000224
2.020488 1.189829
1.874360 1.261614
1.824242 1.296816
2.115854 1.560123
1.731226 1.191687
1.183962 1.332545
1.253198 1.469922
1.450605 1.464155
1.371089 1.571571
1.366467 1.510229
1.414430 1.427239
1.283470 1.306842
1.383407 1.391150
1.186598 1.418663
1.181142 1.432554
1.275023 1.452291
1.258295 1.338239
1.327542 1.441740
1.265750 1.386629
1.346933 1.441335
1.262881 1.467838
1.319590 1.506988
1.283865 1.516091
1.276387 1.469195
1.275318 1.470255
1.365433 1.430864
1.278229 1.349320
1.212116 1.286961
1.721262 1.315645
1.892565 1.306346
2.023200 1.304814
2.034118 1.444862
-2.522357 -0.121196
-1.206653 -0.392237
-2.528068 -0.483099
-2.517574 -0.258123
-2.618503 -0.583127
-2.580200 -0.443750
-2.746790 -0.245719
-2.706571 -0.560907
4.172262 5.225281
-0.018756 -0.516992
0.017334 -0.853841
-0.750354 -0.147399
0.071179 -0.478978
-0.089379 -0.823790
0.719184 -0.165927
0.258578 -0.393304
0.762346 -0.250199
1.425146 0.505706
1.574144 0.589149
1.464365 0.476894
1.470162 0.620525
1.368575 0.510112
1.487638 0.708387
1.507356 0.720891
1.483003 0.739821
1.477230 0.595769
1.486666 0.648879
1.611961 0.636638
1.556977 0.501194
1.453150 0.722587
1.520162 0.758340
1.548257 0.529816
1.438699 0.649453
1.464020 0.804714
1.489133 0.533442
1.563218 0.658046
1.562437 0.654156
1.458812 0.569619
1.460821 0.684388
1.492043 0.599823
1.553671 0.582883
1.504783 0.670547
1.615840 0.725413
1.322936 0.553583
1.529840 0.637893
1.458018 0.697626
1.464753 0.583587
1.551795 0.628974
1.460859 0.480200
1.519293 0.696124
1.504326 0.692183
1.412642 0.632495
1.539412 0.631374
1.322733 0.657846
1.534617 0.817934
2.130615 1.347805
2.003701 1.470549
1.983662 1.196003
1.855843 1.252739
1.829920 1.296655
1.792960 1.285869
1.932156 1.282872
1.783977 1.044255
1.509363 0.689033
1.266597 0.514352
1.527460 0.790795
1.078609 -0.186732
1.320287 0.461232
1.308746 0.740251
2.027603 1.427413
1.826806 1.224872
-0.341963 0.322418
-0.281696 0.349207
-0.307197 0.382303
-0.197373 0.392531
-0.218181 0.478410
-0.305831 0.332142
-1.402039 2.005039
-0.370953 0.375194
-0.227442 0.339541
-0.565370 0.344993
-0.377789 0.313122
-0.375612 0.385823
-0.209661 0.350400
-0.433112 0.289851
-0.350579 0.350117
-0.162462 0.361937
-0.295040 0.364129
-0.409036 0.444815
-0.238040 0.372941
-0.336578 0.311074
-0.406037 0.312969
-0.317778 0.377734
-0.275863 -0.157657
-0.361860 0.313532
-0.217286 0.221306
-0.361995 0.362113
-0.318035 0.224936
-0.233444 0.371399
-0.347911 0.163622
1.300213 0.610654
1.292258 0.507922
-1.113603 -3.434542
1.396731 0.739321
1.165470 0.280960
1.211436 0.508932
1.480646 0.558116
1.413345 0.516500
1.440308 0.528636
1.437175 0.570239
1.536518 0.781183
1.460041 0.694234
1.328732 0.786599
1.666285 0.779627
1.486151 0.590031
1.530505 0.691805
1.846427 1.211728
1.911713 1.274524
1.527943 0.815602
-0.332192 -1.157065
-0.340907 -1.147528
1.969414 1.376705
1.913380 1.298736
1.811779 1.290936
1.381627 0.672845
1.806485 1.473549
1.211754 1.472991
1.224496 1.461717
1.295191 1.360507
1.235382 1.530346
1.242573 1.444699
1.211067 1.491627
1.371396 1.439351
1.293429 1.509333
1.119672 1.411746
1.254992 1.468286
1.245049 1.468781
1.230198 1.415438
0.727222 0.700059
1.292986 1.501969
1.250296 1.464149
1.249641 1.445258
1.236424 1.557112
1.210215 1.492133
1.326183 1.449751
1.172675 1.448967
1.210133 1.394066
1.231205 1.457714
1.255021 1.397087
1.298916 1.480386
1.220315 1.562164
1.225106 1.472433
1.267680 1.563692
1.225953 1.481753
1.137549 1.326374
1.260448 1.257663
1.297908 1.532018
1.278395 1.431550
1.257273 1.501726
1.229580 1.508541
1.270958 1.505930
1.711939 1.523295
0.256050 -0.351258
0.469420 -0.322353
0.502571 0.057043
0.221148 -0.538584
0.174257 -0.699265
0.291351 -0.632363
-0.017522 -0.928050
-1.477761 -1.180349
0.489068 0.214142
0.049446 -0.403559
0.111297 -0.246429
0.696900 0.125463
0.734057 -0.422682
0.122642 -0.556858
-0.000521 -0.614325
-0.409736 -0.465561
-0.078477 -0.567570
-0.005027 -0.603904
1.248064 1.641913
1.242070 1.500103
1.938671 1.316316
0.744713 0.233503
-0.305875 -0.321509
-0.134562 -0.252114
1.348214 1.543775
1.251569 1.611531
1.158634 1.602106
1.190312 1.524718
1.290245 1.429540
1.195193 1.447221
1.245257 1.560819
1.302431 1.461142
1.279036 1.763248
1.312441 1.460068
1.244487 1.582489
1.235597 1.562427
1.377867 1.572644
1.178411 1.561293
0.567860 0.440692
0.648564 0.561654
0.526036 0.455397
0.574454 0.457287
0.598239 0.412333
0.682392 0.600292
0.637582 0.428758
0.504652 0.652114
0.511303 0.419748
0.569117 0.389411
0.576544 0.685853
0.515088 0.372539
0.853435 0.645712
0.782111 0.636750
0.693598 0.571969
0.670660 0.585445
0.561577 0.502470
0.580378 0.391791
1.421951 -3.071778
1.126621 -2.853210
1.754141 -3.316769
1.275523 -3.154619
1.563676 -3.137830
1.559523 -3.064219
1.571476 -3.335383
1.602419 -3.141311
1.359856 -3.111641
1.434556 -3.187070
1.378822 -2.974391
1.144381 -2.493078
1.103530 -2.478217
1.187487 -2.478760
1.426604 -1.909989
1.471027 -3.009724
1.406901 -1.939191
2.151212 1.341057
1.247444 1.463087
1.243204 1.527411
1.617834 1.298541
0.715238 0.735943
1.098506 1.280630
1.248286 1.531915
1.139416 1.421017
3.461210 1.057087
3.445253 0.987897
3.214422 0.976826
3.465904 1.093492
3.375798 1.036034
3.471645 0.951484
3.402733 1.057190
3.367852 1.042102
3.385422 1.179172
3.452424 0.965990
3.593026 0.964340
3.466012 1.027453
3.597137 0.946595
3.564436 1.057497
3.408413 1.005402
3.433351 1.145355
3.530708 1.022590
3.487865 1.106638
3.409021 1.016573
3.381140 0.927770
3.487327 1.012872
3.454043 0.983985
3.414556 1.055955
3.409980 1.119018
3.537237 0.951721
3.522389 1.301913
3.388400 1.077928
3.529872 0.941960
3.572904 0.974414
3.537996 1.008707
3.489293 1.077829
3.441724 1.019764
3.363087 0.911018
3.414713 1.044409
3.486393 1.065151
3.469130 1.009378
3.381562 1.026905
3.570024 1.058917
1.249509 1.568123
1.198607 1.606863
1.307990 0.600212
1.342471 0.702077
3.387591 1.098257
3.455664 1.022033
3.606457 0.950178
3.451701 0.955574
3.566240 1.092127
3.486317 1.045301
3.394234 1.014060
3.504397 1.013304
3.371810 1.029944
3.480201 1.067743
3.351208 0.998056
3.521620 1.138773
3.540403 1.019824
3.505408 1.059552
1.931004 1.201026
0.682308 0.521626
0.581708 0.551291
0.703375 0.590161
1.321382 4.171941
0.616741 0.586465
0.614966 0.530371
0.653404 0.576619
0.656706 0.558476
0.694991 0.688789
0.930263 -0.170309
0.595194 0.575008
0.744611 0.641099
0.586930 0.645489
0.612039 0.541807
0.742057 0.601217
0.659254 0.476012
0.556003 0.492990
0.673590 0.592162
-1.329037 2.150134
0.595631 0.466157
0.505940 0.657602
0.628955 0.604144
0.660963 0.554814
0.678012 0.487944
0.577105 0.668388
0.679533 0.450246
0.626857 0.530838
-0.054786 -1.748683
0.504154 0.566077
0.554190 0.493945
-0.425143 0.368396
-0.276591 0.244584
-0.386518 0.240053
-0.391894 0.317570
-0.385746 0.385673
-0.525257 0.277141
-0.410543 0.286956
-0.455062 0.286049
-0.463041 0.295715
-0.106086 -0.552669
-0.414271 0.354674
-0.288550 0.314822
-0.429864 0.242207
-0.358547 0.313968
-0.409468 0.381098
-0.395620 0.324239
-0.203090 0.384811
-0.385152 0.363635
-0.362006 0.726909
0.005407 0.291271
-0.314329 0.320910
-0.395345 0.363883
-0.383939 0.400662
-0.409975 0.303967
-0.333920 0.291987
-0.337850 0.291174
-0.323137 0.434740
-0.335683 0.361641
-0.328478 0.384630
-0.370953 0.361250
-0.342116 0.379551
-0.345639 0.341846
-0.414602 0.429818
-0.349176 0.330605
-0.327966 0.338321
-0.374112 0.308230
-0.471613 0.401176
-0.205614 0.394401
-0.339824 0.303621
-0.331939 0.338584
-0.381433 0.446803
-0.399436 0.360680
-0.378634 0.291001
-0.411917 0.364737
-0.296403 0.445121
-0.359179 0.357538
-0.328666 0.281892
-0.353587 0.363361
-0.325027 0.380512
-0.397302 0.299496
-0.364865 0.315402
-0.353757 0.333035
-0.341130 0.307705
-0.388678 0.362304
-0.424557 0.363506
-0.383690 0.311226
-0.415572 0.318664
-0.421079 0.270000
-0.304522 0.408562
-0.427263 0.270201
-0.434300 0.344945
-0.308580 0.351442
-0.451264 0.275282
-0.424924 0.320872
-0.210006 -0.051626
-0.437400 0.306417
-0.220536 0.319267
-0.184523 0.273899
-0.301369 0.262937
-0.222744 0.189878
-0.424373 0.278445
0.412481 -1.797803
-0.491843 0.278593
-0.541883 0.268397
-0.261392 0.251463
-0.351876 0.324646
-0.559690 0.358906
-0.314930 0.225938
-0.390257 0.283139
-0.378554 0.264288
-0.540196 0.254469
-0.355157 0.368585
-0.249290 0.362461
-0.359300 0.268657
-0.272941 0.316761
-0.401053 0.342259
-0.405385 0.315041
-0.404664 0.280000
-0.339396 0.333636
-0.256280 0.350757
-0.386237 0.347366
-0.372916 0.302819
-0.341357 0.432275
-0.413991 0.319712
-0.325022 0.384334
1.010383 -0.314863
-0.307398 0.285826
-0.317626 0.330726
-0.289299 0.193423
-0.272243 0.377246
-0.426960 0.381838
-0.234840 0.409584
-0.304139 0.269282
-0.331922 0.356151
-0.277372 0.255861
-0.380843 0.345607
-0.408208 0.249992
-0.375876 0.369165
-0.383131 0.292336
-0.424596 0.294574
-0.384917 0.331135
-0.341654 0.219780
-0.379949 0.321895
-0.309978 0.453858
-0.464870 0.319100
-0.305538 0.324118
-0.296160 0.404922
-0.319425 0.304980
-0.392106 0.334062
-0.410582 0.354850
-0.383837 0.402385
-0.401937 0.330260
-0.466585 0.367388
-0.288329 0.318443
-0.356653 0.398975
-0.369643 0.429389
-0.279443 0.296150
-0.272211 0.240573
-0.476460 0.229757
-0.450799 0.356683
-0.423349 0.345492
-0.369291 0.354312
-0.378599 0.298497
-0.302047 0.374454
-0.313616 0.316548
-0.308004 0.272936
-0.389257 0.467179
-0.374723 0.288853
-0.254294 0.350754
-0.433693 0.358306
-0.352131 0.434923
-0.273689 0.105925
-0.363278 0.178243
-0.452098 0.367760
-0.264694 0.274759
-0.460910 0.325598
-0.274182 0.322102
-0.411905 0.456101
-0.355907 0.353092
-0.513066 0.395911
-0.451444 0.283652
-0.494381 0.311462
-0.412914 0.322236
-0.482782 0.346292
-0.350484 0.345117
-0.283478 0.394281
-0.345241 0.362287
-0.342984 0.305468
-0.382309 0.291138
-0.440133 0.306995
-0.425283 0.423258
-0.020848 -0.763792
0.016949 -0.804155
0.190638 -1.007042
0.004344 -1.123363
-0.043984 -0.840238
-0.076532 -0.788134
-0.028354 -0.955644
-0.040959 -0.726925
-0.064684 -0.737286
0.014166 -0.791193
-0.066682 -0.749381
-0.239870 0.281224
0.036008 -0.536406
-0.423425 0.267484
-0.415191 0.353570
-0.399950 0.337014
-0.018814 -0.645478
-0.264385 0.439899
-0.213253 0.425438
-0.382226 0.428976
-0.170795 0.218011
-0.224445 0.038180
0.353593 0.231699
0.228091 -0.032084
0.068907 -0.372825
0.230720 0.133297
0.274964 -0.025848
0.274312 -0.112228
-2.465622 -0.287934
-1.737772 -0.110536
-2.397740 -0.444220
-2.434117 -0.246275
-2.583127 -0.257938
-2.032025 -0.139106
-2.553720 -0.345356
-2.511307 -0.226147
-2.416545 -0.368106
-2.498038 -0.264102
-2.341916 -0.345700
-2.608072 -0.369305
-2.670406 -0.554216
-2.637045 -0.610071
-2.532171 -0.385477
-2.502581 -0.308167
-1.754279 -0.099443
0.601521 0.588391
0.627655 0.520751
0.597887 0.487676
0.919592 -0.313709
0.627261 0.530050
0.507954 0.549777
0.578940 0.452183
0.581096 0.568189
0.491619 0.492010
0.502463 0.475249
0.561567 0.486398
0.549817 0.483291
0.493631 0.460189
0.421480 0.403178
0.606022 0.508708
-1.347490 2.054056
0.597083 0.592296
0.567103 0.424168
0.619673 0.393425
0.527623 0.553602
0.543063 0.557344
0.393944 0.532935
0.627941 0.564783
0.597187 0.498702
0.569388 0.583130
0.530761 0.291557
0.629001 0.551206
0.495033 0.436735
0.540614 0.463746
0.624981 0.580611
0.562163 0.354681
0.501527 0.438241
0.617220 0.602092
0.561249 0.570880
0.398741 0.344571
0.586998 0.485550
0.670851 0.522498
0.561579 0.514362
0.597321 0.478051
1.436036 -2.983635
-0.519353 0.371492
-0.204726 0.391819
-0.368335 0.355676
-0.377420 0.368787
-0.467394 0.293576
-0.499077 -0.638184
-3.704263 0.460020
-3.634309 0.388740
0.009684 -1.334688
-1.292571 -1.122982
-0.342172 0.186366
-0.468856 0.285568
-0.145946 0.112328
-0.301496 0.092425
-0.345455 0.402616
-0.312925 0.425364
-0.449890 0.328854
-0.260854 0.260467
0.114890 -1.361392
0.175788 -1.247307
0.215188 -1.289808
0.170197 -1.351266
0.198076 -1.350113
0.172447 -1.332973
0.144163 -1.388742
0.012101 -1.690859
-0.868982 -1.076543
0.090202 -1.430159
0.103404 -0.964848
0.162943 -1.368506
0.179147 -1.209971
0.196461 -1.342700
-0.375231 -0.476671
0.165860 -1.194474
0.036093 0.136588
-1.160982 -3.414287
-0.955543 -3.417131
-1.086334 -3.423332
-1.334370 -0.891723
-1.112762 -3.441611
-1.406174 -3.482253
-1.247483 -3.214663
-1.450255 -3.256588
-1.196992 -3.327702
-1.042485 -3.242738
-1.161978 -3.465363
-1.115327 -3.426057
-1.104370 -3.437767
-1.094302 -3.366349
-1.103063 -3.441450
-1.130787 -3.411273
-1.139857 -3.379135
-1.089043 -3.416899
1.358083 -3.050279
1.146533 -2.490694
1.580587 -3.163376
1.109492 -2.910310
1.126366 -2.845394
0.971557 1.001002
1.164690 -2.525706
1.348685 -3.160612
1.471992 -3.050201
1.086471 -2.474920
1.397455 -1.984080
0.623442 -1.601037
-0.069906 -0.658348
-0.057965 -0.803599
0.114476 -0.611846
-0.120239 -0.297746
-0.226711 -0.615184
0.152367 -0.998140
-0.065281 -0.437872
0.507568 -0.041822
0.150795 0.110049
0.040961 -0.854454
-0.038322 -0.505209
0.149113 -0.489013
0.076950 -1.524843
-0.325853 -0.160360
0.099114 -0.386391
-0.371576 -0.249964
0.108744 -0.946060
0.134137 -0.654057
0.014156 0.035640
-0.311408 -0.443325
0.184011 -0.604840
0.561401 0.529723
0.432787 0.404867
0.471028 0.398545
0.579844 0.346714
0.421225 0.486897
0.633506 0.534734
-0.554180 0.444005
-0.339514 0.396003
-0.408399 0.318606
-0.596989 1.284471
-0.588463 1.276496
-0.440965 0.154344
-0.433076 0.345383
3.519434 0.905877
3.377425 0.863471
3.449184 1.021301
-0.295681 0.427742
-0.580402 0.564802
0.430105 -0.638111
-0.500385 -0.985639
0.731344 -0.401994
2.694875 -2.193759
2.712074 -2.210302
2.667767 -2.168553
2.688633 -2.172753
2.709749 -2.203553
2.744365 -2.205752
2.697974 -2.194070
2.719971 -2.182621
2.715178 -2.195553
2.729913 -2.206055
2.724435 -2.197288
2.725575 -2.207224
2.697767 -2.177397
2.750376 -2.164757
2.696464 -2.174031
2.619071 -2.138060
2.686624 -2.198180
2.718188 -2.189645
2.726591 -2.199549
2.726147 -2.200448
2.690655 -2.139245
2.718359 -2.195901
2.664031 -2.183524
2.640059 -2.175075
2.702220 -2.239902
2.666358 -2.185676
0.721151 -1.888653
2.720331 -2.198846
2.761626 -2.211992
2.712596 -2.177325
2.691134 -2.186898
2.685169 -2.219140
2.718265 -2.181642
2.726094 -2.174151
2.747567 -2.210251
2.621568 -2.142862
2.750535 -2.205784
2.713420 -2.215871
2.715047 -2.201299
2.701062 -2.176752
-1.083249 -3.360401
-1.154672 -3.436152
-1.070232 -3.438703
-1.083683 -3.438658
-1.111707 -3.434730
-1.153313 -3.420894
-1.303387 -3.490753
-1.080903 -3.451541
-1.120079 -3.431682
-1.141527 -3.506517
-1.086514 -3.444538
-1.149711 -3.464282
-1.086826 -3.460634
-1.156988 -3.367303
-1.106858 -3.403100
-1.052583 -3.429536
-1.109579 -3.436559
0.383041 -1.860838
-1.123755 -3.442843
-1.110983 -3.417545
0.131867 -1.977261
0.072940 -1.543676
-0.103522 -1.867422
-0.088519 -1.752802
-0.105124 -1.865199
-0.080419 -1.735037
-0.045779 -1.854410
0.173933 -2.054412
-0.021419 -1.909218
0.158203 -2.003040
-0.037829 -1.742407
0.045615 -1.986509
-0.030780 -1.888989
-0.092600 -1.817284
-0.034084 -1.842041
-0.043846 -1.828930
-0.061139 -1.822396
-0.125986 -1.949765
0.216141 -2.066364
-0.360989 0.502139
-0.352371 0.219305
-0.499476 0.135921
-0.380338 0.362501
0.229894 -0.329040
0.180907 -0.069315
0.449611 0.016322
0.099844 -0.191967
-0.313458 0.191854
0.306797 -0.096587
0.243123 -0.787232
0.017836 -0.275618
0.212978 -0.249846
-1.534645 2.274665
-1.484871 2.233013
-1.567944 2.228158
-1.458367 2.060777
-1.434413 2.326620
-1.546578 2.081218
-1.514818 2.192760
-1.494770 2.296364
-1.470226 2.318060
-1.592464 2.254576
-1.440655 2.136061
-1.501264 2.214422
-1.466781 2.365903
-1.470101 2.197562
-1.441094 2.321943
-1.553645 2.032747
-1.491091 2.259073
-1.616392 2.180491
-1.552271 2.288859
-1.514668 2.114192
-1.460048 2.235180
-1.590793 2.245879
-1.430903 2.213894
-1.538543 2.320106
-1.426710 2.099732
-1.529388 2.281911
-1.540249 2.212834
-1.446117 2.373513
-1.604789 2.147933
-1.592193 2.191334
-1.460975 2.227268
-1.561594 2.208223
-1.421931 2.237636
-1.506474 2.183450
-1.526345 2.295065
-1.534999 2.203688
-1.577571 2.095381
-1.433851 2.161441
-1.477932 2.205163
-1.463225 2.193290
-1.638135 2.206649
-1.624348 2.289544
-1.488564 2.218422
-1.480068 2.191880
-1.437021 2.223898
-1.601332 2.298652
-1.422191 2.107455
-1.523465 2.289384
-1.569152 2.111564
-1.616803 2.279355
-1.493225 2.183210
-1.358158 2.103759
-1.527341 2.171803
-1.393608 2.273535
-1.442043 2.120924
-1.602069 2.058062
-1.635824 2.219845
-1.499361 2.383025
-1.534646 2.163045
-1.602972 2.102201
-1.584740 2.266475
-1.549734 2.275232
-1.486771 2.164179
-1.496593 2.209225
-1.599209 2.189959
-1.395141 2.331354
-1.504444 2.304990
-1.500043 2.199103
-1.517515 2.333691
-1.605481 2.332540
-1.567826 2.134310
-1.524975 2.107312
-1.569897 2.375691
-1.615977 2.273857
-1.622167 2.080176
-1.477596 2.206172
-1.459586 2.311883
-1.551502 2.159470
-1.559560 2.270485
-1.422369 2.263714
-1.522341 2.216356
-1.587125 2.285371
-1.530797 2.360246
-1.335589 1.884743
-1.531675 2.245396
-1.469069 2.321008
-1.563431 2.245283
-1.479731 2.185752
-1.594322 2.176223
1.179251 1.700193
-2.592150 -0.380154
-2.581247 -0.470091
-2.635300 -0.441944
0.005176 -1.027372
0.148813 -1.238134
-2.586744 -0.288330
-2.537950 -0.178954
-2.508054 -0.304034
-2.546834 -0.260990
0.896250 -0.330997
1.070398 -0.345191
-3.476157 0.420068
1.015948 -0.423891
1.058525 -0.327261
1.025380 -0.286917
0.974493 -0.360589
1.058808 -0.391550
1.024883 -0.299837
1.003824 -0.495262
1.045453 -0.289270
1.070699 -0.260819
1.024455 -0.302581
1.056561 -0.348746
0.999504 -0.536951
1.034323 -0.323860
0.992122 -0.343704
0.902786 -0.146574
1.051211 -0.497899
-0.141177 -0.653597
-0.454126 -0.098079
-0.085294 -0.160077
0.044873 0.078013
-0.129750 -0.323150
-0.204468 -0.252609
-0.116827 -0.163386
-0.163002 -0.368490
0.509274 0.354667
0.534109 0.419716
0.251900 0.207350
0.603212 0.550125
0.702670 -0.144155
0.615332 0.475688
0.889144 -0.154951
0.522001 0.298089
0.538462 0.356879
0.627046 0.450533
0.632236 0.461865
0.614617 0.429371
0.618352 0.267079
0.542949 0.582681
0.498311 0.416246
0.629163 0.464515
0.613885 0.662410
0.461930 0.447260
0.631851 0.404939
0.582199 0.508347
0.633085 0.650388
0.567813 0.386916
0.937183 -0.301275
0.628357 0.543784
0.553258 0.614373
-0.130271 -0.388492
-0.211665 -0.676663
0.290835 0.315341
0.034819 -0.572480
-0.001988 -0.873230
0.023846 -0.784514
0.166023 -0.895783
-0.015720 -0.539994
0.108662 -1.279892
0.765807 -1.977216
0.197442 -0.896043
0.184408 -1.021155
-0.226374 -0.556551
-0.070052 -0.295258
-0.252437 -0.627328
0.277313 -0.028183
0.511766 0.025465
0.274479 -0.119954
1.289646 -2.786998
0.710151 0.065249
0.215213 -0.318589
0.239108 -0.332555
1.156446 -2.618167
1.518401 -3.092524
1.417480 -3.169988
1.509749 -3.094022
1.445397 -3.171434
1.379572 -3.135913
1.238896 -2.942384
1.356020 -3.187922
1.414939 -3.139101
1.284457 -2.816907
1.447453 -3.170235
1.436740 -3.075582
1.099828 -2.473679
1.398274 -3.101998
1.166832 -2.480684
1.358858 -3.005474
1.213972 -2.860965
1.177812 -2.546405
1.449118 -2.977522
1.201607 -2.559563
1.433665 -2.999676
1.417605 -3.179508
-0.359076 -0.645119
-0.640769 1.080112
-0.616376 1.093180
-0.159084 0.086462
0.359529 -0.634023
0.867105 -0.601651
-0.127962 -0.270932
0.086800 -0.226926
0.201221 -0.364301
0.235355 -0.327178
0.240871 -0.394551
0.222057 -0.316357
0.204988 -0.318106
0.207560 -0.357357
0.203387 -0.351810
0.217805 -0.328571
0.199539 -0.319339
0.225641 -0.331591
0.235596 -0.341396
0.127723 -0.436131
0.248257 -0.436147
0.281460 -0.475005
0.375385 -0.550615
0.212535 -0.377043
0.214560 -0.359510
0.185518 -0.334685
0.215065 -0.316813
0.220827 -0.287120
0.199139 -0.299640
0.203940 -0.292092
0.206234 -0.279923
0.245272 -0.267073
0.235098 -0.296757
0.584579 0.229640
0.227686 -0.302317
0.309060 -0.001103
0.207706 -0.313443
0.217156 -0.307502
0.955713 0.201972
0.181761 -0.369576
0.198640 -0.350912
0.208257 -0.298055
0.270986 -0.301509
0.219104 -0.319843
0.223656 -0.294417
0.230659 -0.312646
-0.031642 -0.878671
0.028457 -1.030681
-0.025426 -0.960545
-0.012439 -0.984276
-0.040255 -0.921304
-0.000851 -0.914511
0.006301 -0.894696
-0.012716 -0.940797
-0.042512 -0.961854
1.314765 0.600199
1.462051 0.805436
0.276662 -0.274787
0.210458 -0.389347
0.220922 -0.337983
0.319013 -0.259205
0.236392 -0.942800
-0.077916 -0.358450
-0.206779 -0.343462
-0.150998 -0.287107
-0.257959 -0.152688
0.176128 -0.128710
-0.165602 -0.359189
-0.162429 -0.297118
0.116225 -0.832106
0.187113 -0.552116
0.046450 -0.363324
0.437622 -0.223666
0.888214 0.230431
0.309763 -0.089026
0.939172 1.424391
1.059831 1.443745
1.242243 1.756069
1.169473 1.561136
1.199275 1.503611
1.129228 1.586194
1.141916 1.542671
1.182971 1.450197
1.175816 1.548343
0.197918 -0.332840
0.285425 -0.650552
0.278033 -0.288864
0.353689 -0.787956
0.174389 -1.363805
0.105036 -1.441408
0.254831 -1.049055
0.229530 -1.226684
0.251209 -1.287653
0.120454 -0.950345
0.115885 -1.410620
0.214579 -1.228779
0.158734 -1.353142
0.167710 -1.310272
0.193684 -1.337706
0.131309 -1.178182
0.221043 -0.906307
0.110251 -1.404987
0.187364 -1.395338
0.182999 -1.395567
0.149517 -1.310731
-0.614469 1.106697
-0.548209 1.084718
1.366461 0.530252
1.387792 0.539173
1.464244 0.484267
1.272196 0.520276
1.469671 0.821183
-0.897060 -3.031130
0.685584 0.116463
0.087699 -0.322017
-1.802320 1.713284
-3.351248 0.231073
-3.607551 0.294573
-3.522038 0.325522
-2.817075 0.107988
-3.349674 0.374670
-3.547383 0.378408
-3.414136 0.247727
-3.556527 0.393845
-2.273351 0.168802
-3.295388 0.267293
-3.143867 0.280617
-3.700367 0.335405
-3.632507 0.233039
-3.623849 0.385865
-3.244159 0.237193
-3.515110 0.274605
-3.510467 0.316707
-3.575529 0.398829
-1.728757 0.375059
-0.251233 -0.309210
-0.149953 -0.277122
-0.331354 -0.359094
-0.199161 -0.264943
-0.218228 -0.360934
-0.031660 -0.308996
-0.339359 -0.294202
-0.153405 -0.279591
-0.279186 -0.323160
0.205925 -0.368817
0.284653 -0.316923
0.209539 -0.330321
0.300430 -0.352025
0.203309 -0.352421
0.238340 -0.325533
0.281560 -0.094419
0.250517 -0.034907
0.288326 0.060579
0.324866 -0.110215
0.194677 -0.340826
0.165814 -0.337425
0.130892 -0.330614
0.955825 -0.447245
0.966278 -0.578244
0.999404 -0.682804
1.038032 -0.503115
0.923687 -0.615723
0.974041 -0.572927
0.937384 -0.477013
0.992786 -0.652350
1.018605 -0.467840
0.186506 -0.315561
0.225761 -0.379051
0.270414 -0.562405
1.045667 -0.573239
1.021553 -0.453348
1.055875 -0.503101
1.062427 -0.482759
1.096898 -0.536987
1.032074 -0.367607
0.993512 -0.487079
1.048167 -0.289346
1.024681 -0.554992
1.031342 -0.491888
1.086270 -0.460142
1.048199 -0.549267
1.077008 -0.484977
1.047945 -0.479033
1.034501 -0.486761
0.978757 -0.461930
1.028054 -0.467632
1.062302 -0.478249
0.999622 -0.479641
0.995312 -0.434902
1.028952 -0.534171
1.055647 -0.542563
1.035125 -0.529216
1.084534 -0.500324
1.019354 -0.368617
0.955548 -0.556720
1.039058 -0.393179
1.136031 -0.371751
1.021603 -0.441255
1.005635 -0.469508
1.064606 -0.347027
1.088637 -0.446328
1.066750 -0.371433
1.053651 -0.453113
1.056296 -0.403915
1.026579 -0.462751
0.967085 -0.451049
1.085218 -0.477507
1.109378 -0.368282
1.163722 -0.516720
0.922249 -0.415324
1.056225 -0.514685
1.019016 -0.558104
1.031520 -0.497443
1.149370 -0.389263
1.019819 -0.346672
1.176045 -0.402523
0.117289 -1.382638
0.139988 -1.387210
0.121456 -1.309936
0.171812 -1.364741
0.237344 -0.433990
0.266580 -0.458403
0.296330 -0.064031
0.963924 0.090537
1.388781 0.662031
1.254749 0.484784
0.592371 -0.098545
0.055871 -0.524618
0.147960 -0.798521
0.822448 0.001146
0.016401 -1.013141
0.217145 -0.692214
0.848779 0.394934
0.025533 -1.078017
1.461530 0.436243
1.460091 0.450423
1.363286 0.405854
1.529767 0.617745
1.333721 0.577792
1.482192 0.570710
0.227312 -0.397668
0.132540 -0.420673
-0.102702 -0.469035
0.157305 -0.068107
0.346054 -0.451007
-4.696334 3.840941
-4.667933 3.850495
-4.663168 3.856426
-4.672581 3.854021
-4.697486 3.868936
-4.647145 3.873673
-4.685441 3.847234
-4.663162 3.848236
-4.679256 3.851671
-4.692695 3.846663
-4.662148 3.849740
-4.685308 3.847580
-4.699575 3.856612
-4.689459 3.847491
-4.676235 3.846148
-4.688607 3.850042
-4.666917 3.854477
-4.627429 3.854012
-4.690449 3.843606
-4.665101 3.862545
-4.670096 3.872910
-4.631268 3.897741
-4.672588 3.852777
-4.679275 3.854270
-4.697691 3.855924
-4.700602 3.854205
-4.692237 3.834759
-4.683053 3.843600
-4.630978 3.891766
-4.706141 3.831851
-4.694368 3.861538
-4.675061 3.831861
-4.683112 3.852398
-4.724220 3.885573
-4.660691 3.862408
-4.676762 3.862842
-4.691509 3.867095
-4.657148 3.874031
-4.672546 3.868862
-4.724253 3.810724
-4.672855 3.859214
-4.678798 3.853570
-4.641119 3.815850
-4.676461 3.847429
-4.637241 3.809166
-4.700131 3.837644
-4.660500 3.862891
-4.666506 3.854945
-4.713866 3.919872
-4.689312 3.875886
-4.683867 3.853982
-4.682296 3.852106
-4.643493 3.914220
-4.675929 3.851526
-4.650795 3.869819
-4.659036 3.836023
-4.661823 3.869127
-4.688613 3.882904
-4.706861 3.823747
-4.686624 3.869507
-4.648086 3.843476
-4.667125 3.837451
-4.668217 3.867028
-4.668252 3.852149
-4.441378 3.792796
-4.128693 -1.868146
-4.194126 -1.882432
-4.165440 -1.905237
-4.146928 -1.891793
-4.191938 -1.891742
-4.197008 -1.936388
-4.181991 -1.912150
-4.187121 -1.912575
-4.169875 -1.909641
-4.189407 -1.920504
-4.202852 -1.883567
-4.154641 -1.910300
-4.189672 -1.911647
-4.148004 -1.887890
-4.180186 -1.935324
-4.158514 -1.907850
-4.194053 -1.897015
-4.163907 -1.945909
-4.178583 -1.904490
-4.162577 -1.917499
-4.144508 -1.871180
-4.196530 -1.921045
-4.147459 -1.907965
-2.725440 -0.626031
-4.175770 -1.886298
-4.197829 -1.943558
-4.185737 -1.901117
-4.195506 -1.901754
-4.241964 -1.952576
-4.160518 -1.883164
-4.192303 -1.917837
-4.195028 -1.879947
-4.145044 -1.956279
-4.207985 -1.899138
-4.200805 -1.906116
-4.197398 -1.919867
-4.137046 -1.850533
-4.215346 -1.891432
-4.157235 -1.894272
-4.211510 -1.918875
-4.232345 -1.879453
-4.175214 -1.910209
-4.167149 -1.903379
-4.193716 -1.921086
-4.197866 -1.912071
-4.150319 -1.954913
-4.193709 -1.913369
-4.243389 -1.944736
-4.028800 -1.791446
-4.157406 -1.915876
-4.185125 -1.910643
-4.159022 -1.927032
-4.184065 -1.914155
-4.204618 -1.893574
-4.194425 -1.929798
-4.243142 -1.972447
-4.181594 -1.929560
-4.202219 -1.928020
-4.155948 -1.893633
-4.190434 -1.912667
-4.188900 -1.894745
-4.158004 -1.870486
-4.079589 -1.828823
-4.205670 -1.933719
-4.154799 -1.905151
-4.201479 -1.938057
-4.176875 -1.931377
-4.173435 -1.909401
-4.221511 -1.943652
-4.174364 -1.887685
-4.161021 -1.886064
-4.093173 -1.832976
-4.275015 -2.017695
-4.032022 -1.797180
-2.664647 -0.582931
-2.669742 -0.531683
-2.694489 -0.620637
-2.657354 -0.573526
-2.687122 -0.592729
-2.618846 -0.544977
-2.630417 -0.535692
-2.661199 -0.529584
-2.649965 -0.547796
-2.639923 -0.532213
-2.666747 -0.593522
-2.583170 -0.499776
-2.699260 -0.510013
-2.598521 -0.481435
-2.700187 -0.579607
-2.674972 -0.616511
-2.677574 -0.607712
-2.633841 -0.527437
-2.618162 -0.553601
-2.570699 -0.501719
-2.644046 -0.524022
-2.628084 -0.541880
-2.664134 -0.598925
-2.587833 -0.454954
-2.660914 -0.544103
-2.659409 -0.505262
-2.631984 -0.490900
-2.717065 -0.423770
-2.583974 -0.479643
-2.649604 -0.530174
-2.608054 -0.481442
-2.675921 -0.554105
-2.551903 -0.311473
-2.710160 -0.576653
-2.672651 -0.599092
-2.562682 -0.387629
-2.673411 -0.552461
-2.632850 -0.497436
-2.640969 -0.471939
-2.638524 -0.622213
-4.213894 -1.955932
-4.158473 -1.885294
-4.230657 -1.955007
-4.176685 -1.932335
-2.925432 -3.248296
-2.927231 -3.212197
-2.905317 -3.154981
-2.955466 -3.193010
-2.940603 -3.213101
-2.957444 -3.192410
-2.916481 -3.241213
-2.956364 -3.257130
-2.977475 -3.195197
-2.944231 -3.224715
-2.933975 -3.214248
-2.912591 -3.232693
-2.941443 -3.216386
-2.953503 -3.227293
-2.928331 -3.224803
-2.933640 -3.198716
-2.946333 -3.223286
-2.913729 -3.210804
-2.963853 -3.199143
-2.946137 -3.228910
-2.907269 -3.205448
-2.928631 -3.225434
-2.944013 -3.229371
-2.937264 -3.199209
-2.941764 -3.215487
-2.930978 -3.208812
-2.909648 -3.267154
-2.910426 -3.266509
-2.945275 -3.229556
-0.425674 -1.559365
-2.967086 -3.179343
-2.925871 -3.233943
-2.908879 -3.198118
-2.899123 -3.192518
-2.970121 -3.235419
-2.926190 -3.221823
-2.980969 -3.193596
-2.942025 -3.209715
-2.957485 -3.188828
-2.927061 -3.192738
-2.947007 -3.207120
-2.952573 -3.136401
-2.911467 -3.260227
-2.963019 -3.193322
-2.952269 -3.199610
-2.935490 -3.174625
-2.966692 -3.211375
-2.941680 -3.231521
-2.924309 -3.208902
-2.947567 -3.213948
-2.959771 -3.271748
-3.007518 -3.274539
-3.041908 -3.299467
-2.928299 -3.251752
-2.889522 -3.240603
-2.994191 -3.204624
-2.905181 -3.185783
-2.980807 -3.226083
-2.966625 -3.240943
-2.972595 -3.194209
-2.957247 -3.204151
-2.970859 -3.189967
-2.953062 -3.174590
-2.961501 -3.199791
-2.964483 -3.190748
-2.986739 -3.176622
-3.005057 -3.256217
0.047106 -1.396584
0.196064 -1.481578
-0.066691 -1.293403
-1.638799 -2.382982
-0.554186 -1.596354
0.208614 -1.330567
-1.045551 -1.887204
0.192356 -1.448138
0.148469 -1.370743
-2.927759 -3.235329
-2.888714 -3.149985
-2.958945 -3.215754
-2.993901 -3.229340
-3.004734 -3.144906
-2.939447 -3.182102
-2.970653 -3.188422
-2.947811 -3.220008
-2.928452 -3.200133
-2.944207 -3.187120
-3.268233 -3.187145
-3.281705 -3.183558
-3.186745 -3.182924
-3.293093 -3.185712
-2.907973 -3.272807
-3.017008 -3.151543
-2.987339 -3.186149
-2.912354 -3.207617
-2.930256 -3.211217
-3.010075 -3.187566
-2.708237 -3.216652
0.908152 -3.489093
0.883197 -3.473809
0.866627 -3.531581
0.783122 -3.549773
0.840777 -3.561000
0.884879 -3.489559
0.848154 -3.546192
0.839641 -3.543737
0.949809 -3.434413
0.870512 -3.521244
0.948501 -3.470026
0.863957 -3.553541
0.992053 -3.456066
1.017696 -3.448878
0.913947 -3.452574
0.882105 -3.495508
0.798698 -3.589265
1.068310 -3.289738
0.888146 -3.479534
0.845605 -3.544603
0.841699 -3.531554
1.184581 -3.332768
0.821116 -3.562368
0.845162 -3.542488
0.841333 -3.480453
0.850940 -3.504853
1.166505 -3.238792
0.839174 -3.498216
0.834960 -3.567209
0.912837 -3.471702
0.930044 -3.459162
0.778670 -3.584214
0.842502 -3.549551
0.866608 -3.559519
0.845033 -3.549554
0.867198 -3.508141
1.492004 -3.210399
0.900349 -3.491968
0.848932 -3.491413
0.861231 -3.531275
0.870030 -3.518105
0.898197 -3.556175
0.872422 -3.639868
0.806332 -3.530491
-0.708984 0.158627
0.818749 -3.580944
0.868274 -3.528797
0.779553 -3.605992
0.796155 -3.579680
0.758635 -3.562785
0.900297 -3.473475
0.755881 -3.587476
0.774136 -3.600125
0.898453 -3.461862
0.933491 -3.464245
0.952235 -3.385005
1.021679 -3.440034
0.862359 -3.523091
1.010608 -3.475711
0.955077 -3.511007
0.897504 -3.484309
0.859115 -3.569295
0.978301 -3.443030
0.835011 -3.508247
0.840168 -3.492663
0.950991 -3.386179
0.838764 -3.543753
1.042534 -3.382347
0.904938 -3.501988
0.753544 -3.435095
0.909928 -3.451407
0.836317 -3.506375
0.894599 -3.456225
1.124398 -3.259617
0.981033 -3.334369
0.889863 -3.456249
0.788273 -3.544946
0.856471 -3.473417
0.811683 -3.571089
0.798938 -3.563574
0.869843 -3.522367
0.813060 -3.466330
0.956166 -3.318962
0.770134 -3.568236
0.852825 -3.527597
-0.364208 2.195665
-0.368509 2.195433
-0.366161 2.194080
0.797886 -3.615933
1.101266 -3.368223
1.321364 -3.087105
1.413756 -3.209242
1.489241 -3.187940
1.565555 -3.088503
1.353804 -3.188984
1.433410 -3.084901
1.463428 -3.195942
1.519497 -3.162451
1.412285 -3.148941
1.446467 -3.177271
1.103087 -3.205062
1.458273 -3.101623
1.404132 -3.106924
0.857778 -3.638221
0.804391 -3.575308
0.734402 -3.722450
0.794978 -3.586986
0.788251 -3.546812
0.795668 -3.599458
0.850322 -3.425236
0.894434 -3.283189
0.735030 -3.628362
0.815388 -3.416385
-0.375133 2.190316
-0.366868 2.189251
1.035956 -3.359038
0.900685 -3.507139
0.696580 -3.576348
0.712927 -3.603202
1.372290 -2.979020
1.385159 -3.003083
1.550451 -3.064361
1.436925 -3.166279
1.339325 -3.107885
1.186962 -2.859184
1.502162 -3.118319
1.366865 -3.176832
1.444233 -3.081244
1.474823 -3.103275
1.321982 -2.999451
1.366631 -3.214341
1.121150 -2.988508
1.400120 -3.049476
1.414215 -2.959841
1.508855 -3.075134
1.412828 -3.123321
1.456080 -3.165765
1.465907 -3.148788
1.477734 -3.201997
1.424013 -3.173558
1.489358 -3.027135
1.506929 -3.223577
1.479477 -3.108910
1.400315 -3.162846
1.417477 -3.199508
1.482804 -3.248139
1.452607 -3.005525
1.468604 -3.147912
1.508007 -3.221900
1.593826 -3.125211
1.490245 -3.101948
1.382292 -3.098711
1.547031 -3.142807
1.453235 -3.204162
1.533783 -3.074785
1.514303 -3.155197
1.354709 -3.133833
1.481589 -3.208784
1.440937 -3.153779
1.484792 -3.068807
1.351305 -3.119119
1.432626 -3.176005
1.329497 -3.243579
1.457358 -3.000635
1.373651 -3.305392
1.406794 -3.042923
1.581114 -3.100125
1.418274 -3.133182
1.584552 -3.167853
1.489759 -3.152960
1.434755 -2.970027
1.433390 -3.120586
1.395844 -3.036013
1.383011 -3.083864
1.411826 -3.124524
1.366439 -3.132812
1.459678 -3.166438
1.396916 -3.103219
1.553611 -3.261809
1.463071 -3.091644
1.474033 -3.123707
1.444842 -3.180167
1.475445 -3.152242
1.477366 -3.176966
1.250690 -2.963549
1.384767 -3.089898
1.422793 -3.174856
1.393197 -3.252949
1.520913 -3.139120
1.536189 -3.159749
1.380100 -3.210063
1.417511 -3.077413
1.472814 -3.200269
1.507298 -3.100952
1.514627 -3.133533
1.330767 -2.980148
1.430664 -2.913444
1.496101 -3.136232
1.616899 -3.188616
1.473547 -3.172421
1.491112 -3.178994
1.451119 -3.089229
1.351628 -3.075649
1.489249 -3.188796
1.553184 -3.117003
1.628924 -3.353562
1.323653 -3.112461
1.501456 -3.116296
1.424876 -3.306477
1.465392 -3.202935
1.420085 -3.185427
1.619051 -2.984674
1.496274 -3.147856
1.508480 -3.224936
1.507789 -3.107593
1.408822 -3.143238
1.458784 -3.096713
1.412067 -3.019045
1.475092 -3.177791
1.562779 -3.065387
1.480165 -3.065845
1.493973 -3.143346
1.490327 -3.071587
1.417827 -3.050103
1.477580 -3.224594
1.377325 -3.250711
1.495435 -3.051473
1.478099 -3.051219
1.476354 -3.166304
1.490371 -3.210684
1.483342 -3.096378
1.349820 -3.086333
1.555990 -3.007119
1.402492 -3.176590
1.555804 -3.300349
1.458615 -3.202316
1.360384 -3.420171
1.400529 -3.005153
1.540543 -3.108471
1.403613 -3.142863
1.387784 -3.100448
1.301443 -2.874127
1.506103 -3.087613
1.529889 -3.096591
1.482779 -3.047526
1.270113 -3.237132
1.344840 -3.235547
1.392310 -3.251230
1.490410 -3.093739
1.528242 -3.258089
1.360489 -3.162563
1.365923 -3.118230
1.479710 -3.188485
1.420405 -3.094796
-0.668291 0.024892
-0.896089 1.045299
-0.636268 -0.042243
-0.753129 0.616218
-0.687531 0.286751
-0.660717 0.307871
-0.767259 0.679345
-0.635973 0.205381
1.339173 -3.252410
1.175396 -3.036742
0.935191 -3.195700
1.002393 -3.227734
1.161099 -2.557438
1.339931 -3.027084
1.083670 -2.485169
1.143954 -2.896507
-0.709354 -0.829444
-0.640665 -0.734166
-1.213613 -0.844759
-1.226389 -0.860018
-1.213976 -0.839713
-1.222811 -0.832769
-1.220634 -0.820960
-1.215284 -0.843421
-1.249805 -0.825498
-1.212925 -0.837057
-1.215217 -0.843025
-1.134094 -0.882404
-1.224492 -0.842656
-1.036211 -0.708391
-1.088663 -0.736953
-1.052355 -0.705830
-1.007579 -0.688850
-0.960955 -0.682560
-1.032104 -0.700334
-1.045712 -0.704256
-1.118101 -0.841852
-1.202093 -0.842546
-1.184850 -0.838681
-1.243957 -0.874135
-0.639590 -0.775500
-1.125716 -0.833085
-1.214057 -0.833683
-1.205111 -0.837045
-1.222614 -0.829535
-1.218082 -0.856168
-1.193196 -0.827625
-1.220765 -0.837363
-1.116608 -0.809143
-1.207047 -0.839695
-0.033052 -0.597199
-0.220134 -0.683387
-1.222999 -0.837264
-1.204547 -0.849861
-1.217517 -0.828852
-0.570887 -0.679893
-0.638123 -0.719950
-0.471879 -0.655660
0.527625 -0.333630
-0.637754 -0.724383
0.546170 -0.286331
-0.470765 -0.659647
-0.668280 -0.741229
-0.648266 -0.732504
-0.609249 -0.675399
-0.667345 -0.737588
-0.300084 -0.652468
-0.613831 -0.711621
-0.611348 -0.689069
-0.640156 -0.730428
-0.552232 -0.670546
-0.661737 -0.728270
0.191311 -0.608783
-2.979382 0.391814
-0.871842 -0.767703
-0.752258 -0.943499
-0.711598 -0.825178
-0.733475 -0.951737
-0.713413 -0.844169
-0.683996 -0.767667
-0.628972 -0.726644
-0.672524 -0.728295
-0.647083 -0.734933
-0.581068 -0.698422
-0.734270 -0.887612
-0.656253 -0.728954
-0.649038 -0.748327
-0.653019 -0.732471
-0.658446 -0.720819
-0.653777 -0.721111
-0.497025 -0.762638
-0.639132 -0.752240
-0.385203 -0.737345
-0.722969 -0.775581
-0.435775 -0.796340
-0.742391 -0.758797
-0.658013 -0.734598
-0.647382 -0.757638
-0.507324 -0.626722
-0.404508 -0.737979
-0.760535 -0.750103
-1.334691 -1.061109
-1.413464 -0.870224
0.829993 -0.967802
0.699411 -0.145235
-1.024392 -0.881800
0.894250 -0.398625
0.898606 -0.525692
0.933978 -0.380127
0.849959 -0.242352
0.915395 -0.479662
0.913056 -0.467813
0.999528 -0.404142
0.958346 -0.627528
0.891457 -0.249282
1.014607 -0.320109
-0.002907 -1.759002
1.008078 -0.293438
0.833796 -0.339271
-1.211376 -0.831937
-1.178885 -0.811422
-1.204658 -0.840863
-1.211186 -0.839098
-1.138674 -0.830714
-1.113690 -0.808008
-0.063940 -0.651739
-0.079968 -0.742181
0.121580 -0.771227
-0.148365 -0.530963
-0.140715 -0.605383
-1.124869 -1.010890
0.081473 -1.119857
-0.345016 -0.585505
0.552731 -0.111439
-0.213239 -0.640447
1.029910 -0.244528
0.989963 -0.588067
1.049138 -0.452320
1.026647 -0.430432
0.887107 -0.159228
1.061875 -0.377845
0.951497 -0.222367
0.949490 -0.337336
1.029174 -0.295541
1.070519 -0.373559
1.074183 -0.577585
1.039965 -0.447596
0.948207 -0.552184
1.000085 -0.504816
0.956505 -0.381745
0.991319 -0.424751
0.948901 -0.290587
1.030697 -0.594710
1.003065 -0.367496
0.845662 -0.355042
0.903468 -0.323058
0.885643 -0.476606
1.017166 -0.324548
0.949705 -0.293782
1.090454 -0.307058
1.054506 -0.251579
1.109684 -0.214847
1.050098 -0.460233
0.619590 0.155673
1.043734 -0.270023
1.029566 -0.263499
1.050686 -0.328056
0.965694 -0.166556
1.003370 -0.498745
1.091851 -0.389594
0.957286 -0.333012
1.205561 -0.375821
0.959568 -0.298625
1.334776 0.507884
0.546905 0.434784
0.629960 0.379979
0.470561 0.539450
0.496426 0.426829
0.591161 0.438699
0.455690 0.374055
0.596203 0.311164
0.648299 0.185906
0.523448 0.425624
0.608433 0.425268
0.688702 0.459849
0.520310 0.275440
0.565121 0.140219
0.487352 0.423341
0.570772 0.553230
0.430727 0.343242
0.673537 0.208414
0.527201 0.445904
0.492152 0.331407
0.531779 0.367065
0.595566 0.408828
0.544783 0.381362
0.520349 0.475747
-0.713144 -0.941684
0.149750 -0.751031
0.969459 -0.572917
1.066416 -0.572887
-1.216607 -0.817557
-1.097969 -0.910408
-0.683234 -0.530224
-1.163007 -0.947963
-1.236813 -0.870878
-1.225621 -0.835149
-1.168720 -0.861280
-0.077904 -0.768344
-0.884695 -0.844194
-0.407969 -0.728520
-0.668368 -0.741326
-0.723816 -0.852096
-0.510675 -0.332248
-0.643622 -0.749017
-0.761687 -0.759460
-0.741041 -0.700488
-1.338009 -1.106939
-1.318230 -1.102396
-1.302979 -1.102676
-1.543783 -1.246093
0.195633 -1.385196
0.181721 -1.377602
-1.264528 -3.289418
-1.164754 -3.418427
0.094287 -0.492747
-0.032367 -0.498998
-0.154776 -0.363239
-0.047095 -0.630904
0.404297 -0.391635
0.180339 -1.341345
0.172827 -1.132693
1.082364 -0.326750
0.878442 -0.517042
1.104279 -0.492960
0.550718 0.546944
0.698298 0.628056
0.466764 0.430091
-0.608419 -0.499922
0.184314 -0.766117
-0.104208 -0.614388
1.530645 0.795539
1.292009 0.586896
1.358836 0.544773
1.289438 0.614739
-0.265617 -0.727525
-0.290313 -0.737973
-2.889285 0.435499
-3.641453 0.320234
-2.731173 0.717851
-2.786965 0.420126
-3.617394 0.282577
-3.062885 0.391092
-3.680089 0.327216
-3.562929 0.353819
-2.664983 0.226900
-2.634108 0.765133
-3.632149 0.328313
-3.352798 0.229669
-3.377782 0.389074
-3.688542 0.357695
0.849669 -1.048337
0.951141 -1.068341
-1.204188 -0.847845
-1.520053 -1.209282
-1.245013 -1.096765
-1.517163 -1.213062
-1.315028 -1.015413
-1.323537 -1.083048
-1.522310 -1.198884
-1.575145 -1.248158
-1.536551 -1.235469
-1.609635 -1.246782
-1.455642 -1.150060
-1.562123 -1.297813
-1.554794 -1.236700
-1.504210 -1.220296
-1.582890 -1.260842
-1.543876 -1.245979
-1.391183 -1.162735
-1.551144 -1.242443
-1.570623 -1.252765
-1.172362 -1.070879
0.910809 -0.618850
1.045560 -0.503850
0.939565 -0.467781
1.021687 -0.640479
1.019666 -0.743410
0.907144 -0.308752
1.026603 -0.559952
1.116071 -0.699506
1.084582 -0.435996
1.012827 -0.525103
0.998049 -0.654731
0.916438 -0.374847
0.894350 -0.521982
1.048151 -0.752663
1.073537 -0.691873
1.020756 -0.674953
0.962254 -0.609383
0.953044 -0.690772
0.991396 -0.631949
0.908879 -0.545737
1.096667 -0.635962
0.993272 -0.564140
-1.163008 -1.062879
-1.124057 -1.131628
-1.303820 -1.127765
-1.269486 -1.114432
-1.266177 -1.094492
0.242457 -1.356791
0.191949 -1.293887
0.167277 -1.338736
0.287705 -1.265346
0.188860 -1.383475
0.157690 -1.250856
0.168041 -1.393005
0.144525 -1.445873
0.639049 -0.752522
0.186456 -1.309434
0.234349 -1.063920
0.132229 -1.356115
0.205367 -1.354337
0.141283 -1.339162
0.169750 -1.384808
0.144805 -1.411805
0.192011 -1.389056
0.254979 -1.246169
0.202278 -1.299459
0.970704 -1.006065
0.121712 -1.296326
0.226451 -1.346336
0.126082 -1.320373
0.140732 -1.412225
1.545005 -3.185257
1.322853 -3.059856
1.460581 -3.028906
1.430932 -3.124868
1.166009 -2.461642
1.418872 -2.931159
1.328083 -2.983735
1.343048 -2.811359
1.150767 -2.377018
1.170111 -2.454076
1.213943 -2.506259
1.147683 -1.960329
1.389835 -2.947085
1.178922 -2.521270
1.465706 0.553592
1.346425 0.588271
1.479022 0.821128
1.274863 0.678398
1.315655 1.354595
1.254364 1.366764
1.198593 1.589617
1.247626 1.258751
-1.044751 -0.778046
-0.239210 -0.406522
-0.333925 -0.355695
-0.379908 -0.315879
-0.129539 -0.549563
-0.297580 -0.362270
-0.282343 -0.367784
0.196286 -0.588585
-0.961132 1.306055
-0.930242 1.279869
-0.554273 -0.025813
-1.014663 1.376321
-0.821609 0.995225
-0.978313 1.300945
-0.932745 1.219436
-0.927581 1.231439
-1.338781 1.941819
-0.962016 1.283671
-0.929471 1.245798
-0.976352 1.198301
-0.902505 1.199118
-0.952409 1.215594
-0.935642 1.258515
-0.821079 1.055659
-0.714797 0.364133
-0.995113 1.337572
-0.835956 1.259749
-0.888085 1.165201
-0.618838 -0.220191
-0.771563 -0.715368
-0.732865 -0.806078
-1.266203 -1.085437
-1.200297 -1.100930
-1.129904 -1.133108
-1.483448 -1.148908
-1.278931 -1.123963
-1.542318 -0.910009
-3.643201 0.323752
-3.710712 0.280137
-3.746694 0.185302
-3.431882 0.239045
-3.648955 0.267789
-3.551396 0.422382
-3.648722 0.333661
-3.302985 0.232255
-3.596342 0.352581
-3.620630 0.508354
-3.705807 0.352456
-3.658019 0.382244
-3.603224 0.326174
-2.583987 -0.007672
-3.561333 0.245629
-3.576982 0.351079
-3.246339 0.391050
-1.531441 -1.200212
-1.535497 -1.218354
-1.325518 -1.084302
-1.524399 -1.211482
-1.493205 -1.197346
-1.447274 -1.197405
-1.111131 -3.463897
-1.120116 -3.450851
-1.153231 -3.406615
-1.241151 -3.399188
-1.346232 -2.277965
-0.069106 -0.567083
0.200125 -1.250595
0.114151 -1.356787
0.179022 -1.455547
0.162527 -1.367760
0.156666 -1.254770
0.119457 -1.366342
0.162627 -1.358213
0.624113 -1.805316
0.656073 -1.798422
0.628277 -1.801224
0.627146 -1.797335
0.672676 -1.799516
0.364640 -1.562940
0.610688 -1.791176
0.614327 -1.776721
0.628629 -1.794337
-3.715063 0.075088
-3.542591 0.409421
-3.596063 0.247605
-3.576499 0.291599
-3.636033 0.283424
-3.716223 0.387633
-3.634332 0.311312
-3.669706 0.398347
-3.701782 0.345439
-3.706461 0.317790
-3.647064 0.310378
-3.706925 0.394881
-3.670455 0.339789
-3.581598 0.326079
-3.628805 0.395751
-3.601684 0.283410
-3.633110 0.352637
-3.633824 0.341610
-3.667938 0.368530
-3.611452 0.336720
-3.607805 0.355040
-3.681928 0.374214
-3.600423 0.355978
-3.592071 0.384171
-3.596993 0.334974
-3.655526 0.315141
-3.654304 0.365240
-3.583974 0.316835
-3.641534 0.374036
-3.708716 0.421523
-3.616460 0.416571
-3.641115 0.392260
-3.615903 0.276054
-3.618223 0.367140
-3.643749 0.383826
-3.566497 0.269979
-3.705145 0.411174
-3.656987 0.410897
-3.683291 0.360234
-3.147038 0.223760
-3.684917 0.401631
-3.617069 0.448593
-3.640204 0.284469
-3.590243 0.379364
-3.598728 0.384912
-3.606781 0.351657
-3.621058 0.277075
-3.568259 0.282179
-3.661526 0.311667
-3.739964 0.373310
-3.712219 0.386879
-3.553643 0.279204
-3.600004 0.359228
-3.636936 0.394615
-3.672853 0.348875
-3.703474 0.398309
-3.685438 0.358613
-3.657441 0.319004
-3.661745 0.392288
-3.632666 0.311337
-3.743001 0.489995
-3.696210 0.347247
-3.528601 0.317505
-3.624979 0.367289
-3.445687 0.299535
-3.445808 0.291122
-3.579552 0.314210
-3.573425 0.407493
-3.580800 0.401732
-3.711371 0.360214
-3.627232 0.299020
-3.655577 0.437543
-3.474977 0.428164
-3.674265 0.395154
-3.707389 0.327927
-3.733657 0.317495
-3.652459 0.282817
-3.498287 0.384087
-3.696482 0.437669
-3.562740 0.355783
-3.692471 0.278663
-3.612245 0.297601
-3.599131 0.317915
-3.687515 0.385991
-3.645272 0.312664
-3.677426 0.377929
-3.645947 0.321962
-3.572821 0.272398
-3.615961 0.284844
-3.696209 0.278389
-3.689297 0.299068
-3.415031 0.139176
-3.600150 0.212644
-3.443095 0.293954
-3.482012 0.360489
-3.654662 0.336155
-3.466600 0.367378
-3.677435 0.483366
-3.708475 0.247272
-3.594628 0.471466
-3.652958 0.311886
-3.563090 0.281764
-3.720279 0.317783
-3.650854 0.317591
-3.579211 0.412241
-3.586475 0.335779
-3.668107 0.384214
-3.626956 0.322711
-3.604452 0.313777
-3.754642 0.381324
-3.705251 0.382153
-3.498301 0.356551
-3.705277 0.283618
-3.818809 0.204656
-3.750979 0.276092
-2.879832 0.170185
-3.702746 0.301975
-3.772867 0.547049
-3.616363 0.321994
-3.704908 0.248769
-3.683011 0.252394
-3.758216 0.297415
-3.469858 0.395365
-3.137636 0.375614
-3.474851 0.302536
-3.151643 0.384126
-3.201478 0.387499
-3.103534 0.379607
-3.551115 0.263522
-3.360374 0.323055
-3.416641 0.344640
-3.369779 0.302752
-3.447684 0.043306
-2.897541 -0.020492
-2.879968 0.095221
-3.119361 -0.296928
-3.180875 0.001428
-3.096910 -0.318576
-3.039507 -0.274366
-3.401114 0.378324
-3.162920 0.300196
-1.564508 2.189449
-1.393113 2.247622
-1.599162 2.107485
-1.474286 2.173419
-1.437782 2.071974
-1.606448 2.145653
-1.661251 2.160759
-3.439197 0.352126
-2.798223 0.138326
-3.413576 0.348955
-3.444519 0.303504
-2.245434 0.341604
-3.863385 0.597301
-3.550825 0.383508
-3.408738 0.102827
-3.852996 0.297229
-3.574146 0.449806
-3.675440 0.383126
-3.395511 0.296064
-3.493320 0.329591
-3.058660 0.663274
-3.152229 0.521445
-1.936754 1.574793
-3.240439 0.348561
-2.982423 -0.061038
-3.745366 0.687789
-3.596707 0.113816
-3.197383 0.407248
-3.426679 0.322841
-3.406480 0.248519
-2.913438 0.197426
-1.535098 2.142525
-1.561012 2.146920
-1.475077 2.311322
-1.588357 2.194646
-1.593527 2.350416
-1.528637 2.254562
-1.515243 2.273202
-1.601898 2.266129
-1.480244 2.308959
-1.498416 2.076285
-1.493671 2.199986
-1.485490 2.123582
-1.516459 2.203500
-1.509176 2.337817
-1.586476 2.186997
0.990875 -0.594342
1.056168 -0.368177
1.026417 -0.315872
1.000862 -0.238908
0.987176 -0.332008
-2.866403 0.151052
-2.813837 0.197594
-2.887996 0.189064
-2.892408 0.138086
-2.831158 0.180891
-2.874386 0.179791
-3.281973 0.232439
-3.543907 0.356047
-2.673661 -0.519749
-2.667400 -0.203240
-2.506477 -0.337992
-2.618288 -0.275072
-2.602340 -0.172564
-2.643720 -0.172378
-2.627476 -0.387715
-2.536669 -0.300444
-2.690416 -0.446493
-2.613489 -0.606638
-2.664745 -0.383331
-2.643499 -0.571194
-2.592605 -0.527943
-2.686216 -0.617253
-2.701684 -0.383484
-2.557979 -0.253556
-2.559775 -0.253737
-2.608858 -0.223304
-2.501006 -0.253970
-2.667845 -0.562558
-2.561811 -0.302525
-2.647216 -0.531543
-2.540175 -0.280933
-2.318424 -0.281896
-2.636962 -0.516544
-2.516217 -0.302771
-2.495568 -0.337657
-2.423068 -0.385503
-2.552027 -0.450317
-2.558355 -0.258256
-2.439105 -0.196074
-2.519181 -0.254066
-2.533282 -0.274265
-2.474662 -0.222271
-2.632213 -0.446202
-2.541962 -0.355031
-2.673511 -0.279389
-2.609522 -0.504812
-2.740477 -0.597319
-2.678450 -0.592555
-2.646822 -0.471893
-2.622575 -0.469503
-2.549210 -0.286857
-2.581354 -0.432093
-2.529340 -0.294858
-2.607057 -0.495607
-2.622447 -0.328241
-2.585206 -0.333468
-2.708492 -0.114257
-2.592388 -0.188878
-2.732983 0.112431
-2.515759 -0.191558
-3.724523 0.273984
-3.162400 0.233213
-3.655444 0.095214
-1.577890 -1.229270
-3.619444 0.176611
-3.825688 0.592462
-3.057869 0.413380
-0.089498 -1.859381
-0.087409 -1.870769
0.074181 -1.563264
-0.078652 -1.871732
-0.137548 -1.906673
-0.310114 -1.922111
-0.040970 -1.809078
-0.157681 -1.846741
-0.060039 -1.852043
-0.188943 -1.910459
-0.069961 -1.844159
-0.052991 -1.850426
-1.610184 2.150745
-0.430201 -0.088975
-2.644895 0.772111
-3.563594 0.596876
-2.853566 0.696202
-3.408649 0.645478
-1.616737 2.311198
-1.460994 2.222738
-1.558425 2.091833
-1.525347 2.249007
-1.656725 2.216187
-1.501004 2.140794
-1.610250 2.123155
-1.600988 2.238155
-1.442977 2.076555
-1.526701 2.282436
-1.596336 2.076042
-1.580830 2.303475
-1.555116 2.369255
-1.547050 2.348244
-1.529076 2.300588
-1.429265 2.256958
-1.487706 2.096328
-1.457296 2.297816
-1.563412 2.024734
-1.402542 2.179582
-1.459221 2.142842
-1.409278 2.294273
-1.448032 2.230885
-0.190722 -0.362827
-0.187888 -0.287150
-0.204455 -0.306868
-0.202406 -0.301623
0.519246 -0.031697
0.397610 -0.090812
0.597746 -0.034435
-0.590764 0.084523
-0.255713 -0.326302
-0.201283 -0.297159
-0.229818 -0.308851
-0.100282 -0.491013
-0.196366 -0.337288
-0.270785 -0.324486
-0.258390 -0.320878
-0.300149 -0.385237
-0.247974 -0.346283
-0.260965 -0.348278
-0.225446 -0.443433
-0.221877 -0.355723
-0.054052 -0.441622
-0.243001 -0.360368
-0.241298 -0.336212
-0.267073 -0.388580
-0.229835 -0.411140
-0.256071 -0.320660
-0.098228 -0.640068
-0.250465 -0.345955
-0.205062 -0.351851
-0.316754 -0.389411
-0.039257 -0.465679
-0.240375 -0.321047
-0.243240 -0.338355
-0.232228 -0.324048
-0.276559 -0.343355
-0.235791 -0.265393
-0.281617 -0.032410
-0.256127 -0.164445
-0.230521 -0.316625
-0.231030 -0.309909
-0.267969 -0.317213
-0.204878 -0.333149
-0.150994 -0.621235
-0.244737 -0.348608
-0.268986 -0.297992
-0.168601 -1.907813
-0.112445 -1.962893
-0.044215 -1.872117
-0.127982 -1.875950
-0.137354 -1.942692
-0.123597 -1.921848
-0.054976 -1.800259
-0.160655 -1.852770
-0.116276 -1.966961
-0.146616 -1.858282
-0.066014 -1.897543
-0.118939 -1.894158
-0.061026 -1.827713
-0.092076 -2.000886
-0.133897 -1.832109
-0.124347 -1.890938
-0.106633 -1.901026
-0.119810 -1.929368
-0.124502 -1.855481
-0.034210 -1.818738
-0.080917 -1.858723
-0.075181 -1.832669
-0.022055 -1.834140
-0.046245 -1.777529
-0.117050 -1.874860
-0.078668 -2.005419
-0.090507 -1.921921
-0.132595 -1.941868
-0.128143 -1.768343
0.016090 -1.982416
-0.095336 -1.948513
-0.109761 -1.944231
-0.082765 -1.856134
-0.042592 -1.937945
-0.072773 -1.873033
-0.093612 -1.911178
-0.054628 -1.895533
-0.078585 -1.852152
-0.072948 -1.835892
-0.053096 -1.829438
-0.117640 -1.984475
-0.107606 -1.852583
-0.125477 -1.927471
-0.116648 -1.854586
-0.146424 -1.988560
-0.054294 -1.861318
-0.058975 -1.768219
-0.070729 -1.894508
-0.160487 -2.004998
-0.082880 -1.858228
-0.111517 -1.884410
-0.053506 -1.760606
-0.072432 -1.866464
-0.117435 -1.906333
-0.100702 -1.862528
-0.057258 -1.833483
1.097569 -0.355270
1.019002 -0.287297
0.963773 -0.279030
1.049666 -0.284205
1.048335 -0.265873
1.031213 -0.314153
1.057343 -0.261244
0.983728 -0.329609
0.986121 -0.387856
0.875763 -0.026957
0.566532 0.546425
0.657443 0.519150
0.477887 0.450621
0.423553 0.349683
0.629589 0.576741
0.270895 -0.032135
0.509714 0.410511
-0.294407 -0.295572
0.511106 0.679192
0.379138 0.377078
0.504184 0.526652
0.600059 0.405131
0.554539 0.472455
0.364652 0.064644
0.203018 -1.398797
0.135427 -1.289761
0.641334 0.569087
0.735328 0.592481
0.159534 -0.007413
-0.121446 -1.728332
-0.107610 -1.816050
0.003132 -2.030465
0.010489 -1.877818
-0.087332 -1.927113
-0.120870 -1.865716
-0.059180 -1.860412
-0.064402 -2.073452
-0.066935 -1.855327
-0.131191 -1.923818
-0.065902 -1.645176
-0.074292 -1.623199
0.029807 -1.608173
0.098757 -2.041468
-0.094592 -1.872229
0.037759 -2.049060
-0.422601 -0.279473
0.575724 -0.856507
1.021670 -0.539686
1.014769 -0.603543
1.007024 -0.666834
0.882829 -0.631676
0.884405 -0.728777
0.924835 -0.576984
-0.894074 1.309095
-0.711543 0.607069
1.154187 -0.602019
1.076376 -0.496435
1.038265 -0.228769
1.053878 -0.289484
0.957067 -0.250899
1.030068 -0.370065
0.990505 -0.195848
1.116094 -0.428440
0.970741 -0.194625
0.996739 -0.246094
1.013175 -0.550871
0.927037 -0.287058
0.912191 -0.347247
1.044954 -0.692089
0.961188 -0.597069
0.965745 -0.380682
0.944807 -0.264125
1.083684 -0.437057
1.042823 -0.328850
1.131038 -0.451452
1.011209 -0.318970
1.032239 -0.364054
1.118588 -0.225048
1.105482 -0.388282
1.040566 -0.553050
1.069041 -0.583682
1.012030 -0.644128
1.054078 -0.614217
1.065191 -0.522765
1.193217 -0.399100
1.068361 -0.548604
1.101543 -0.579972
1.103803 -0.380050
1.144714 -0.277406
1.041837 -0.181663
0.605439 0.477913
0.801523 0.105845
0.451361 0.375354
0.591156 0.547428
0.415549 0.502850
1.032925 -0.698760
1.031993 -0.761782
1.009948 -0.748822
1.042996 -0.795893
1.029461 -0.697775
1.132523 -0.419996
1.069036 -0.729654
1.211056 -0.626502
1.267306 -0.542573
1.044786 -0.580807
1.309927 -0.351541
1.301788 -0.475612
1.077400 -0.751588
0.978698 -0.417624
1.096054 -0.562925
1.092680 -0.628635
0.808768 -0.366130
0.814727 -0.624917
1.060900 -0.585170
1.808281 -0.576053
1.009748 -0.596624
1.119128 -0.666169
1.171989 -0.907292
1.219776 -0.983982
1.160127 -0.832257
1.322657 -0.447248
0.990520 -0.689999
1.135852 -0.653556
1.052859 -0.498479
1.900747 -0.586825
0.904721 -0.366198
0.858880 -0.746397
1.051902 -0.407884
1.309331 -0.598365
0.731044 -0.589487
0.710500 -0.759828
0.718724 -0.712440
0.911316 -0.572353
1.198877 -0.547693
0.893778 -0.770209
1.141268 -0.591601
1.150479 -0.534114
-0.129226 -1.906189
1.162856 -0.801373
1.160669 -0.775289
1.306420 0.676370
1.937607 -0.584677
1.928051 -0.577372
1.928470 -0.575340
1.955040 -0.592667
1.932594 -0.588273
1.892306 -0.585027
1.949287 -0.572646
1.860352 -0.528365
3.488542 1.106643
3.524607 1.030312
3.637152 1.092237
3.510094 1.023856
3.511086 1.153263
3.535721 1.018247
3.651290 1.032328
3.638776 1.027941
3.607554 1.025174
3.580682 1.017646
1.044133 -0.663368
1.906020 -0.583690
1.885347 -0.613304
1.118723 -0.282530
1.956135 -0.578335
1.968403 -0.584561
1.967932 -0.577434
-1.247675 -1.152066
-1.521728 -1.232233
-1.527905 -1.236414
-1.541932 -1.240943
-1.501007 -1.231314
-1.537833 -1.252125
-1.712569 -1.196893
-1.547544 -1.227198
-1.597752 -1.279565
-1.578482 -1.253448
-1.551920 -1.257320
-1.574049 -1.245232
-1.574308 -1.250820
-1.564343 -1.250256
-1.599307 -1.278739
-1.561400 -1.251112
-1.604970 -1.280625
-1.563368 -1.235851
-1.567365 -1.235351
-1.597174 -1.274692
-1.485553 -1.173241
-1.519064 -1.230733
-1.537643 -1.232231
-1.414210 -0.964597
-1.424661 -0.944899
-1.417421 -0.949433
-1.403387 -1.080769
-1.566203 -1.253236
-1.532678 -1.216561
-1.609891 -1.273856
-1.519020 -1.223142
-1.546959 -1.236948
-1.326277 -1.084245
-1.324611 -1.083744
-1.592008 -1.203991
-1.600371 -1.206151
-1.551223 -1.219967
-1.589257 -1.270815
-1.552877 -1.243478
-1.570080 -1.259837
-1.521406 -1.246099
-1.544316 -1.246263
-1.585039 -1.242624
-1.596461 -1.316080
-1.299287 -1.101516
-1.396529 -1.120784
-1.248161 -1.068366
-1.299203 -1.102853
-1.538960 -1.243868
-1.439292 -1.129429
-1.582590 -1.268870
-1.578356 -1.252582
-1.569446 -1.263583
-1.581702 -1.264188
-1.618032 -1.283901
-1.601099 -1.280241
-1.583649 -1.257462
0.075974 -1.373167
0.109638 -1.401385
0.074942 -1.310063
0.248738 -1.283419
-1.529788 -1.215969
-1.533882 -1.249558
-1.531723 -1.289672
-1.602261 -1.265398
-1.574034 -1.238311
-1.592449 -1.245939
-1.466709 -1.155495
-1.369380 -1.082685
-1.599348 -1.076281
-1.618237 -1.080874
-1.533738 -1.238377
-1.715720 -1.028224
-1.724288 -0.997846
-1.272615 -1.013316
-1.373616 -1.055491
-1.341281 -0.932841
-1.321609 -1.143194
-1.511569 -1.199128
-1.309344 -1.131875
-1.297844 -1.124519
-1.625708 -1.231941
-1.437873 -1.287663
-1.383965 -1.239350
-1.293461 -1.096032
1.392753 1.369307
1.247074 2.062931
-0.024064 -0.972259
-0.033289 -0.897511
-0.038335 -0.962713
0.000563 -1.025896
0.001305 -0.900881
0.004444 -0.913093
0.001735 -0.892052
0.014850 -0.936550
0.033831 -1.014958
-0.051511 -0.896704
-0.015325 -0.929047
-0.057295 -0.964207
0.014285 -0.957271
0.017573 -0.910126
-1.537353 -1.265045
-1.628364 -1.062260
-1.667815 -1.079311
-1.332358 -1.120825
3.627250 1.143925
3.454914 1.032263
3.680266 1.033908
3.523655 1.004371
3.567075 0.958663
3.514502 0.863619
3.576831 1.014793
3.438986 1.039155
3.686725 1.000328
3.636729 1.000880
3.533731 0.956410
3.669396 0.935869
3.513741 1.032649
3.481928 1.107011
3.548931 1.060619
3.595814 1.010059
3.402290 1.085505
3.494456 1.044375
3.640234 0.987121
3.567551 1.009171
3.634717 1.080175
3.546184 1.091306
3.625494 1.313691
3.558398 1.101051
3.415056 0.978534
3.485618 0.982243
3.635454 1.051365
3.772531 1.051153
3.648478 1.080983
3.515648 0.968459
3.622139 0.999785
3.550034 0.953532
3.592023 0.935042
3.587013 0.946917
3.535103 1.038261
3.416924 0.987207
3.436985 1.079536
3.461161 1.051207
3.492786 1.008784
3.651901 1.086054
3.410013 1.105123
3.553706 1.103681
3.515916 1.079886
3.537039 1.188650
3.520444 1.068752
3.609241 1.011485
3.584399 0.971835
3.500487 1.024618
3.579639 0.875702
3.484791 1.132100
3.525608 1.001752
3.416713 1.075403
3.363369 1.061353
3.399586 0.971242
3.478354 1.141548
3.635309 0.901352
3.596829 0.966356
3.615347 1.000186
3.588246 1.053135
3.572273 0.995690
3.603173 1.111609
3.694846 1.096446
3.475410 0.994822
3.508599 1.030732
3.427799 1.064186
3.464746 0.931519
3.511060 0.959705
3.640372 1.132897
3.550881 1.014853
3.556917 1.038558
3.499721 1.009405
3.516711 0.900106
3.521639 1.049471
3.641474 1.204072
3.431939 1.212143
3.443254 1.117504
3.626969 0.955149
3.398709 1.089635
3.751562 0.909501
3.763349 0.843466
3.727829 0.939809
3.316702 1.076330
3.417574 1.102283
3.523329 1.179744
3.527029 1.092133
3.493601 1.025350
3.649002 0.505308
3.704068 1.080366
3.653286 1.252014
-1.621147 2.213858
-1.540792 2.192378
-1.508664 2.195159
-1.450853 2.108840
-1.551284 2.161138
-1.505183 2.274199
-1.428602 2.176721
-1.538935 2.147484
-1.554646 2.297385
-1.506149 2.244893
-1.555145 2.313115
-1.558499 2.173186
-1.437947 2.187760
-1.448072 2.148340
-1.483192 2.329516
-1.441463 2.043129
-1.507737 2.184080
-1.507916 2.201255
-1.490715 2.211162
-1.589285 2.209818
-1.549698 2.264071
-1.365007 2.119305
-1.504420 2.338639
-1.603868 2.317624
-1.656225 2.158154
-1.420143 2.307020
-1.638338 2.294606
-1.574675 2.202462
-1.513799 2.170933
-1.503086 2.069396
-1.394831 2.125168
-1.430300 2.252985
-1.598300 2.292742
-1.542036 2.121626
-1.621639 2.257264
-1.583441 2.151970
-1.592637 2.192209
-1.577713 2.376288
-1.613222 2.136436
-1.360015 2.250373
-1.503635 2.354925
-1.500583 2.163477
-1.457226 2.334776
-1.401958 2.148880
-1.620276 2.063591
-1.508920 2.154361
-1.582559 2.247705
-1.545419 2.191402
-1.460694 2.093516
-1.381128 2.286556
3.752796 1.195681
3.530642 1.024475
3.505222 0.932237
-1.399510 -3.257911
-1.338542 -3.305789
-1.375338 -3.272418
-2.516338 -0.377300
-2.622013 -0.166469
-2.595613 -0.365526
-2.391271 -0.306499
-2.315896 -0.317606
-2.361344 -0.300185
-2.362334 -0.301030
-2.356400 -0.268827
-2.389090 -0.327484
-2.560094 -0.369510
-2.544868 -0.243958
-2.627140 -0.483229
-2.651400 -0.498387
-2.623893 -0.462269
-2.607146 -0.439131
-2.632922 -0.515061
-2.637152 -0.518781
-2.628726 -0.430552
-2.599378 -0.396018
-2.647334 -0.570590
-2.723780 -0.623558
-2.701931 -0.587898
-2.626566 -0.516460
-2.562706 -0.522560
-2.647852 -0.476888
-2.665685 -0.566298
-2.520922 -0.397677
-2.365042 -0.313220
-2.723155 -0.382675
-2.734224 -0.352391
-2.722056 -0.561424
-2.596000 -0.491137
-2.598028 -0.500605
-2.300527 -0.252403
-2.317991 -0.243470
-2.333630 -0.272667
-2.536597 -0.257336
-2.698074 -0.558964
-2.699451 -0.594981
-2.672046 -0.555850
-2.724919 -0.596362
-2.679899 -0.555493
-2.708623 -0.650332
-2.549800 -0.543664
-2.583091 -0.244681
-2.583258 -0.482668
-2.677765 -0.565282
-2.688299 -0.587325
-2.626846 -0.661014
-2.692132 -0.671658
-2.582269 -0.466209
-2.702408 -0.605659
-2.669412 -0.555610
-2.685836 -0.502499
-2.638830 -0.612512
-2.742738 -0.488428
-2.556609 -0.464324
-2.670224 -0.570820
-2.570869 -0.532447
-2.621541 -0.458103
-2.698189 -0.508381
-2.642571 -0.492390
-2.721487 -0.518306
-2.533652 -0.301246
-2.549244 -0.230245
-2.144569 -0.178807
1.100645 0.619428
1.201358 0.554721
-2.632296 -0.479961
-2.636193 -0.515658
-2.649498 -0.501317
-2.572986 -0.232397
-2.693325 -0.675493
-2.618353 -0.618758
-2.597445 -0.485760
-2.778061 -0.474810
-2.682743 -0.576213
-2.517882 -0.278832
-2.539748 -0.369399
-2.576694 -0.494374
-2.700338 -0.537469
-2.664143 -0.532334
-2.713727 -0.513908
-2.574928 -0.460935
-2.366040 -0.375756
-2.609940 -0.241859
-2.446390 -0.350129
-2.501942 -0.239135
-2.407218 -0.311527
-2.367294 -0.291890
-2.587414 -0.382101
-2.595533 -0.385073
-2.639926 -0.478072
-2.546654 -0.286593
-2.615238 -0.480269
-2.736855 -0.558030
-2.432373 -0.314489
-2.553458 -0.129916
-2.723752 -0.432531
-2.261432 -0.322367
-2.523517 -0.545931
-2.641621 -0.456292
-2.413313 -0.224731
-2.715592 6.328636
-2.724516 6.303788
-2.702413 6.375577
-2.739677 6.330255
-2.756555 6.318924
-2.786420 6.314968
-2.739531 6.337838
-2.713479 6.326582
-2.780375 6.300687
-2.787944 6.301683
-2.732358 6.333608
-2.723786 6.336469
-2.764782 6.362689
-2.810143 6.324320
-2.704304 6.339608
-2.768639 6.360080
-2.760648 6.311462
-2.800019 6.372464
-2.781815 6.366354
-2.764227 6.298203
-2.702935 6.375003
-2.748140 6.372778
-2.699981 6.370035
-2.691247 6.295076
-2.782895 6.311621
-2.763324 6.332208
-2.716181 6.294769
-2.713217 6.297177
-2.787591 6.370064
-2.747684 6.311788
-2.746416 6.324088
-2.710694 6.297994
-2.714316 6.358537
-2.698788 6.499586
-2.713289 6.361502
-2.789282 6.289739
-2.702615 6.286026
-2.757458 6.311670
-2.773642 6.370540
-2.746917 6.324477
-2.738074 6.314195
-2.752944 6.348752
-2.735884 6.335355
-2.777168 6.357666
-2.730466 6.344203
-2.760422 6.347209
-2.741552 6.319288
-2.747223 6.304794
-2.731274 6.347637
-2.752561 6.329740
-2.715811 6.357698
-2.748014 6.328870
-2.780070 6.312110
-2.859171 6.300181
-2.718691 6.310062
-2.739155 6.323805
-2.792241 6.293767
-2.730631 6.313846
-2.752571 6.308166
-2.742012 6.287921
-2.734746 6.331205
-2.779723 6.359135
-2.750620 6.330133
-2.742029 6.354586
-2.737016 6.306254
-2.781091 6.300381
-2.797324 6.320119
-2.765019 6.355060
-2.734791 6.339449
-2.779257 6.256266
-2.728899 6.395406
-2.772121 6.278707
-2.783880 6.366304
-2.695549 6.374904
-2.741291 6.322224
-2.709486 6.303253
-2.730778 6.290507
-2.754272 6.363799
-2.740858 6.295853
-2.732300 6.346894
-2.808479 6.311668
-2.712155 6.329072
-2.751297 6.342527
-2.766040 6.341047
-2.657967 6.431071
-2.728795 6.315019
-2.749704 6.329792
-2.780913 6.358572
-2.762141 6.366259
-2.705632 6.347312
-2.838265 6.404016
1.438493 0.883461
1.414486 0.594100
1.273136 0.581397
1.486966 0.678326
1.462078 0.439324
1.491835 0.814126
1.609601 0.747821
1.456338 0.464703
1.391194 0.811920
1.231666 0.657891
0.569776 0.562558
0.661579 0.567939
0.713036 0.572548
0.617351 0.666468
0.574840 0.590831
1.357455 0.626071
0.156347 -0.720900
0.099071 -0.950934
0.104738 -0.917981
0.206843 -1.027479
0.604786 1.309789
1.113174 1.466193
1.335659 1.438211
1.152695 1.442176
1.255242 1.342094
-0.918187 1.681919
-0.965488 1.296321
-0.889293 1.223326
-0.859428 1.194000
-0.916283 1.239267
-1.075940 -3.365442
-1.130045 -3.420303
-1.130079 -3.485041
-1.081622 -3.465082
-1.081017 -3.454880
-1.081206 -3.461070
-1.130347 -3.481988
-1.131667 -3.452756
-1.123667 -3.445765
-1.118146 -3.429917
-1.147085 -3.407970
-1.086225 -3.458542
-1.122058 -3.426169
-1.155113 -3.382133
-1.144560 -3.399261
-1.108827 -3.420161
-1.138604 -3.419164
-1.100212 -3.439267
-1.111413 -3.439960
-1.099806 -3.411805
-1.122819 -3.415968
-1.139783 -3.398293
-1.080754 -3.478298
-1.088857 -3.458326
-1.083223 -3.480417
-1.193352 -3.473814
-1.141335 -3.409417
-1.137785 -3.425804
-1.090684 -3.452729
-1.078043 -3.470746
-1.111172 -3.458599
-1.076112 -3.462753
-1.092571 -3.400154
-1.116102 -3.486007
-1.075338 -3.372827
-1.098033 -3.438768
-1.101787 -3.452116
-1.082184 -3.369323
-1.143712 -3.470620
1.197636 1.461903
1.198436 1.494339
0.734690 0.662621
0.167882 -1.180649
0.058403 -1.927522
-0.103299 -2.032778
-0.074903 -1.800375
-0.015754 -1.873819
-0.070932 -1.836032
0.629094 0.646364
0.643771 0.527705
2.705021 -2.224042
2.671811 -2.375048
2.801525 -2.161274
2.698641 -2.206283
2.741402 -2.210915
2.758321 -2.218783
2.743796 -2.225114
2.721553 -2.197583
2.724119 -2.194684
2.700740 -2.196081
2.718806 -2.167809
2.690785 -2.149943
2.709576 -2.181540
2.716371 -2.187232
2.689663 -2.217975
2.755757 -2.156402
2.730164 -2.185737
2.744467 -2.178708
2.729214 -2.192677
2.692136 -2.198847
2.721030 -2.243213
2.703396 -2.245984
2.683203 -2.159558
2.712170 -2.195926
2.777122 -2.159183
2.770083 -2.195120
2.725770 -2.191411
2.720905 -2.164696
2.820488 -2.199344
2.765351 -2.221122
2.690740 -2.237558
2.781738 -2.234776
2.742273 -2.186083
2.760703 -2.169036
2.779529 -2.170164
2.746399 -2.206960
2.708488 -2.210849
2.740892 -2.169449
2.787348 -2.244435
2.752549 -2.226043
2.764955 -2.270817
2.701483 -2.160410
2.778744 -2.237364
2.729325 -2.200636
2.847914 -2.322836
2.737747 -2.196877
2.687814 -2.184006
2.784961 -2.229944
2.746688 -2.209282
2.705105 -2.182716
2.869258 -2.091257
2.707451 -2.171862
2.749892 -2.197133
2.724128 -2.199232
2.860089 -2.136135
2.772318 -2.196512
2.720566 -2.234890
2.739686 -2.414351
2.788118 -1.842305
2.787859 -2.195428
2.729044 -2.216418
2.791189 -2.172449
2.695119 -2.182771
2.261806 -0.558141
2.268822 -0.558279
2.804740 -2.181082
2.828274 -2.188935
0.658043 -1.912242
2.732578 -2.227441
2.723729 -2.174901
2.749583 -2.207031
2.761353 -2.214744
2.857506 -2.217587
2.628797 -2.213212
2.730092 -2.201616
2.830559 -2.156282
2.867630 -2.223109
2.719736 -2.257296
2.746529 -2.233198
2.825808 -2.181901
2.747275 -2.259125
2.814417 -2.186730
2.732816 -2.190672
2.750217 -2.197526
2.838476 -2.203435
2.733658 -2.238728
2.658844 -2.458042
4.180629 5.224344
4.250491 5.278467
4.214154 5.236628
4.191643 5.227391
4.260282 5.284854
4.169483 5.192863
4.202384 5.237820
4.178219 5.226894
4.148901 5.196073
4.163075 5.236034
4.188218 5.210376
4.210198 5.220755
4.185582 5.227554
4.174361 5.226403
4.152065 5.263728
4.193795 5.224864
4.175825 5.223842
4.145359 5.200988
4.177070 5.215981
4.175407 5.224439
4.182220 5.212321
4.175818 5.216365
4.184414 5.212935
4.186322 5.228359
4.176487 5.209873
4.175914 5.218151
4.177440 5.223145
4.171269 5.244575
4.176486 5.226227
4.179606 5.214087
4.170947 5.215238
4.187399 5.205128
4.179522 5.218123
4.165488 5.278304
4.193968 5.212078
4.194726 5.196478
4.165712 5.214299
4.179433 5.216582
4.175650 5.238680
4.173389 5.221617
4.176257 5.230941
4.167681 5.220004
4.194078 5.166856
4.181590 5.255404
4.168208 5.199745
4.180698 5.213532
4.218840 5.161627
4.130080 5.271845
4.122585 5.270972
4.171551 5.213171
4.179389 5.200903
4.169086 5.217015
4.167192 5.203619
1.255901 2.048421
1.235110 2.081368
1.247964 2.041362
1.251725 2.065466
1.241304 2.074451
1.247518 2.025554
1.246465 1.953002
1.116839 1.328212
1.267101 1.569561
1.248195 1.642927
1.185705 1.528417
1.213869 1.609492
1.244988 1.684604
1.379234 1.545139
1.214006 1.475430
1.354440 1.965646
1.182048 1.473976
-0.834975 1.086466
1.242688 1.535723
1.143818 1.362026
1.108899 1.622383
1.159742 1.604140
1.216712 1.511365
1.371958 1.978074
1.223224 1.647638
1.225105 1.648234
-0.524328 -2.520071
-0.540152 -2.481604
1.204677 1.590545
1.176043 1.678548
1.278347 1.751769
1.196610 1.449678
1.224012 1.577824
1.171994 1.550650
1.218444 1.487533
1.322159 1.448746
1.247830 1.546605
1.241489 2.010329
1.217956 1.680722
1.242197 1.610935
1.216000 1.623092
1.372104 1.555010
1.151680 1.439363
1.284911 1.596741
1.177345 1.594157
1.201177 1.649100
1.212771 1.693139
1.074069 1.505162
1.063555 1.674459
1.214653 1.695391
1.318582 1.711315
1.237176 1.612455
1.243868 1.945696
0.945643 1.508570
1.217518 1.895925
0.472816 0.756402
0.579044 0.573570
0.585450 0.517205
0.649292 0.634158
1.281976 1.523330
1.359929 1.427300
1.266398 1.611640
1.179418 1.534579
1.209538 1.558722
0.896374 1.648790
1.240047 1.588712
1.571697 1.476838
1.328749 1.594707
0.616507 0.498079
0.584375 0.719154
1.379621 4.341193
1.293125 4.320288
1.278991 4.381732
1.369733 4.313666
1.370831 4.259775
1.359843 4.428943
1.398785 4.298451
1.447406 4.389637
1.327996 4.281415
1.331758 4.351046
1.435139 4.389073
1.407016 4.356000
1.379181 4.394602
1.276782 4.338613
1.427387 4.394940
1.319669 4.295941
1.267882 4.162088
1.318598 4.318989
1.391772 4.296688
1.345725 4.326003
1.454114 4.254540
1.430658 4.317326
1.423473 4.380638
1.372043 4.238248
1.359240 4.276706
1.436903 4.328792
1.297993 4.293427
1.279339 4.347409
1.445724 4.236755
1.467326 4.213940
1.410533 4.349918
1.338840 4.256930
1.320763 4.363275
1.421508 4.213086
1.410464 4.338233
1.246422 4.252110
1.274654 4.449543
1.327383 4.479197
1.397566 4.292896
1.342312 4.436083
1.333341 4.218824
1.277547 4.375000
1.346709 4.318857
1.421351 4.333347
1.368377 4.374579
1.360361 4.325773
1.411928 4.377601
1.375302 4.320747
1.416830 4.276404
1.326463 4.378781
1.384223 4.407815
1.318206 4.264842
1.354579 4.315637
1.308611 4.215305
1.440981 4.331344
1.295918 4.224396
1.281152 4.361238
1.412399 4.321599
1.414660 4.330657
1.420943 4.261464
1.302120 4.296611
1.432489 4.318360
1.390882 4.297670
1.327083 4.275344
1.392573 4.313476
1.462094 1.538618
1.397805 -2.784814
1.176148 1.873810
1.122966 1.491915
0.596409 0.607487
-1.502094 2.349551
-1.501226 2.271872
-1.577559 2.319749
-1.586004 2.327150
-1.560614 2.376613
-1.572020 2.339207
-1.382873 2.063009
-1.544667 2.196434
-1.548446 2.284498
-1.487557 2.070546
-1.579067 2.116794
-1.601670 2.075808
-1.652968 2.206587
-1.528484 2.341101
-1.582692 2.168991
-1.526356 2.324376
-1.391389 2.250618
-1.513089 2.185630
-1.549668 2.059639
-1.575703 2.300992
-1.302037 2.228660
-1.480953 2.253952
-1.487836 2.211296
-1.507383 2.158803
-1.511639 2.248706
-1.605195 2.315250
-1.513313 2.358090
-1.405876 2.234633
-1.646407 2.102311
-1.505340 2.173964
-1.411660 2.207589
-1.376077 2.062735
-1.453228 2.367707
-1.542816 2.048139
-1.510677 2.347396
-1.510800 2.177032
-1.470937 2.245981
-1.384668 2.187556
-1.555591 2.145105
-1.620974 2.166282
-1.631776 2.463169
-1.501373 2.381019
-1.782896 2.077667
-1.778438 2.393668
-1.500348 2.010844
-1.360082 2.281502
-1.616075 2.250719
-1.457679 2.160428
-1.490285 2.228060
-0.979814 1.323710
-0.930793 1.288942
-1.044874 1.393809
-1.152883 1.596382
-0.956524 1.273727
-0.093226 -0.382190
-1.230193 1.768134
-0.839685 1.091812
-0.937780 1.283662
-0.933144 1.265785
-0.917063 1.228015
0.521899 0.398934
0.607182 0.638844
0.611047 0.622789
0.497954 0.454038
0.480028 0.487660
0.536848 0.578307
0.332189 0.919174
0.255865 0.964175
0.627331 0.484807
0.585511 0.781617
0.564536 0.523690
0.410147 0.438372
0.427240 0.485391
0.631934 0.349001
0.692153 0.134448
0.353209 0.533109
0.506970 0.626207
0.715062 0.583763
0.703876 0.692041
-0.147101 -1.945109
0.472229 0.619102
0.658149 0.643616
0.590870 0.508090
0.247935 0.671643
0.581060 0.502594
0.418815 0.712371
0.379031 0.790661
0.599902 0.691323
0.686709 0.619633
0.477561 0.736894
0.293255 -0.069073
0.135766 -1.022312
0.097541 -1.266404
0.569767 0.570986
1.470331 4.372656
1.363432 4.278255
1.360327 4.558652
1.271076 4.182485
1.361356 4.452669
1.323669 4.258025
1.460364 4.354582
1.380066 4.342970
1.313738 4.311787
1.304721 4.220594
1.388673 4.375532
1.310224 4.419187
1.253461 4.185681
1.310722 4.253927
1.338323 4.332514
1.421262 4.243155
1.252317 4.369882
1.279748 4.267474
1.303576 4.364698
1.452526 4.322640
1.274010 4.333057
1.299139 4.345818
1.249760 4.369675
1.340392 4.159597
1.365835 4.329597
1.383276 4.286275
1.479422 4.349570
1.329070 4.243384
1.337759 4.432992
1.397346 4.241128
1.397849 4.313002
1.360280 4.342988
1.336766 4.276779
1.267939 4.236324
1.304189 4.349463
1.339851 4.216140
1.288763 4.309300
1.417113 4.408895
1.345757 4.304244
1.341765 4.327320
1.365479 4.406755
1.371349 4.201818
1.290270 4.440177
1.335198 4.298513
1.314052 4.334627
1.353878 4.284713
1.370499 4.227558
1.283126 4.291062
1.281888 4.430964
1.247829 4.386884
1.411911 4.288063
1.286664 4.503177
1.334449 4.332443
1.276362 4.439082
1.348006 4.359999
1.370049 4.274226
1.282718 4.274320
1.395379 4.188775
1.306691 4.683418
1.320106 4.709311
1.308395 4.670134
1.319661 4.723740
1.327134 4.631047
1.336071 4.640007
1.235749 4.363246
1.412116 4.436409
1.316661 4.366654
1.374152 4.591952
1.410946 4.433153
1.320188 4.655488
1.308128 4.625360
1.302149 4.692981
1.319588 4.725317
1.304405 4.732666
1.336931 4.709169
1.328281 4.700468
1.309762 4.754111
1.317864 4.749812
1.345640 4.652311
1.310557 4.724547
1.317995 4.727460
1.310573 4.671339
1.322019 4.646931
1.321626 4.761354
1.298103 4.691294
1.258662 4.720243
1.411008 4.766619
1.370330 4.746486
1.328071 4.752820
-0.243684 -0.888464
0.105732 -1.350365
0.189522 -1.383527
0.184849 -1.183415
0.209612 -1.338973
0.154850 -1.389607
0.130417 -1.411683
0.107174 -1.484323
0.256246 -1.393006
0.656087 -1.813580
0.604938 -1.746760
0.165224 -1.376274
0.244638 -1.472092
0.163305 -1.375733
0.199547 -1.424442
0.115460 -1.431565
0.127666 -1.352470
0.148076 -1.438673
0.207166 -1.478153
0.070485 -1.416364
0.176817 -1.255226
0.195641 -1.365765
0.190881 -1.271363
0.210124 -1.497415
0.221556 -1.583071
0.216968 -1.493649
0.229342 -1.565021
0.274176 -1.550710
0.242659 -1.576568
0.259462 -1.516840
0.150464 -1.343862
0.144918 -1.408462
0.670086 -1.756686
0.610258 -1.740623
0.656050 -1.795036
0.112026 -1.240394
0.641082 -1.790844
0.553085 -1.652700
0.657070 -1.810261
0.513856 -1.698228
0.645347 -1.805523
0.217805 -1.391470
0.114333 -1.407885
0.098019 -1.464471
0.181431 -1.322947
0.170609 -1.371130
0.166062 -1.330071
0.145237 -1.348818
0.130083 -1.259452
0.121808 -1.258535
0.206324 -1.000036
0.136502 -1.397221
0.135767 -1.327756
-0.052317 -1.152477
0.186862 -1.327044
0.008089 -1.182362
0.275556 -1.177272
0.054684 -1.189012
0.048200 -1.172134
0.138660 -1.216671
0.144328 -1.411829
0.202867 -1.425324
-0.019968 -1.138161
0.181533 -0.624116
0.034954 -1.065108
0.191163 -1.149464
0.192975 -1.215518
0.224056 -1.392315
0.106944 -1.314079
0.108659 -1.283021
-0.101330 -1.892887
-0.042660 -1.762162
-0.036170 -1.727695
0.009826 -1.977324
-0.152432 -1.756542
0.199707 -1.277950
-0.422307 -0.501398
-0.053774 -1.919247
-0.216078 -1.866665
0.018841 -2.040636
0.381119 -1.415629
0.439384 -1.469550
0.176408 -1.395122
-0.075718 -1.811843
-0.131318 -1.917190
-0.018370 -1.204957
0.044872 -1.051536
0.000266 -1.406943
-0.032712 -1.103802
-0.035699 -0.952234
-0.033918 -0.793492
-0.046360 -0.826844
-0.027385 -2.052354
0.126869 -1.448144
0.186073 -1.043581
0.180519 -1.194093
-0.481281 -0.517245
1.853586 -3.395210
1.478750 -3.129352
1.506337 -3.105716
1.384952 -3.186389
1.483021 -2.927168
1.494726 -3.231686
1.594807 -3.156295
1.567271 -3.185062
1.433908 -3.043731
1.519632 -3.120152
1.303788 -3.010779
1.532041 -3.017725
1.384029 -3.128317
1.409139 -3.117060
1.362249 -3.288715
0.682500 -2.373994
1.354617 -3.204755
1.453280 -3.392817
1.552931 -3.238816
1.619955 -3.138076
1.486498 -2.284694
1.429268 -3.207625
1.871802 -0.284558
1.871223 -0.335904
1.448806 -3.188138
1.491069 -3.176377
1.363172 -2.938908
1.267826 -3.061186
1.260191 -3.026675
1.345653 -2.669749
1.724179 -3.305784
1.447933 -3.160830
1.403314 -3.062013
1.394619 -3.161608
1.738168 -3.270181
1.698275 -3.380406
1.242810 -2.736396
1.404741 -3.055342
1.350022 -2.978758
1.158806 -2.832187
1.299698 -2.803041
1.434677 -3.220767
1.589767 -3.276148
1.480213 -3.451023
1.418736 -2.755437
1.487874 -3.068420
1.646432 -3.019777
1.356288 -3.412461
1.100305 -3.197850
1.258316 -3.304228
1.073039 0.074217
1.068328 0.086489
-0.002660 -1.077347
0.109518 -0.950230
1.864836 -2.948215
1.596691 -3.215694
0.625559 -1.798677
0.318304 -1.135519
0.459529 -1.412803
1.040793 -2.500711
0.260125 -1.132459
0.089342 -0.863747
0.359979 -1.238744
0.168295 -0.980027
1.578859 -2.880779
1.461869 -3.311421
1.536714 -2.941888
1.506395 -2.985620
1.397204 -2.926707
1.315034 -3.035610
1.391212 4.737644
1.298562 4.844565
1.288267 4.783340
1.330803 4.718212
-1.099250 -3.409107
-1.077777 -3.451313
-1.089628 -3.456306
-1.128920 -3.394676
-1.137099 -3.407464
-1.139652 -3.415303
-1.143022 -3.449096
-1.129679 -3.421728
-1.106588 -3.480267
-1.085998 -3.447588
-1.123268 -3.440633
-1.088720 -3.455926
-1.155331 -3.395182
-1.157999 -3.506066
-1.049557 -3.476553
-1.155161 -3.435739
-1.054815 -3.401685
-1.358192 -3.310144
-1.237506 -3.382901
-1.353688 -3.302876
-1.429446 -3.293407
-1.297769 -3.246807
-1.131546 -3.480445
-1.078832 -3.469129
-1.076976 -3.392330
-1.143003 -3.396721
-1.030334 -3.369194
-1.137193 -3.441594
-1.326969 -3.593733
-1.220671 -3.487228
-1.051440 -3.386019
-1.082334 -3.455558
-1.291185 -3.514817
-1.275411 -3.539366
-1.274088 -3.522051
-1.271535 -3.489018
-1.396807 -3.405854
-0.934651 -3.301326
-1.166720 -3.446320
-1.334293 -3.596850
-1.184030 -3.465199
-0.875435 1.271456
-0.720095 1.100620
-0.826078 0.988394
-0.860389 1.035732
-0.818578 0.911844
-0.853073 1.019109
-0.956767 1.154719
-0.880071 1.137933
-0.855441 1.181728
-0.964784 1.434667
-0.446661 0.835499
1.165108 -2.503231
1.131668 -2.452146
1.079669 -2.475805
1.224944 -2.559265
1.176409 -2.491775
0.349960 2.233686
0.375423 2.239892
0.369282 2.275859
0.309382 2.142934
1.177921 -2.477772
1.177199 -2.486682
1.174343 -2.482577
1.356100 -3.483550
1.218480 -2.581048
1.188984 -2.507425
1.170611 -2.515241
1.166754 -2.494461
1.096620 -2.899009
1.214280 -2.607371
1.182251 -2.636957
1.400811 -2.824563
1.277930 -2.789226
1.417662 -2.021890
1.410972 -2.026608
1.075862 -2.525382
1.071532 -2.511286
1.094224 -2.467583
1.102359 -2.517831
1.318574 -2.626927
0.065483 -2.008876
0.858556 -2.483692
0.064133 -2.095722
0.082150 -2.094392
0.079293 -2.089660
1.154191 -3.158974
0.111587 -2.532414
1.409383 -1.979945
1.215835 -2.460953
-0.016826 -0.874827
-0.001794 -0.939098
-0.013460 -0.956455
0.016042 -0.924799
0.198833 -0.598309
0.192532 -0.579065
0.204952 -0.513075
0.179226 -0.867750
0.319862 -0.229094
0.252416 -0.367607
0.055331 -0.845753
0.098917 -0.508973
0.128117 -0.670193
0.233170 -1.024151
0.091013 -0.928604
0.119443 -1.000862
0.107567 -0.973435
0.254988 -0.994829
0.095991 -0.849419
0.111165 -0.458348
0.095664 -0.480721
0.084099 -0.442707
-0.070077 -0.656555
-0.114417 -0.411645
0.081361 -0.474487
0.098511 -0.600714
0.008497 -0.411804
-0.042745 -0.950492
0.000175 -0.945914
-0.187991 -0.705816
0.025279 -0.932707
-0.099863 -0.767613
-0.123494 -0.826644
-0.239573 -0.596154
-0.234047 -0.646748
-0.172065 -0.721118
0.020285 -0.947311
-0.191284 -0.657321
-0.001640 -0.913968
0.148552 -0.656539
-0.280214 -0.954416
-0.438642 -0.996003
-0.005693 -0.969314
-0.014137 -0.961122
0.114972 -0.582407
-0.112852 -1.264877
-0.339546 -0.800253
-0.399906 -0.737549
-0.221000 -0.578903
-0.143280 -1.050926
0.270933 -0.731941
0.316526 -1.422109
0.323460 -1.317176
0.195096 -1.005343
-0.030792 -0.915665
0.005184 -1.836774
-0.144525 -1.971869
-0.102302 -1.953984
-0.174838 -1.989631
-0.062440 -1.854165
-0.134641 -1.910763
-0.123352 -0.724066
-0.072492 -0.728858
0.207525 -0.710308
0.048297 -0.808835
0.056541 -0.909832
-0.253750 -0.726112
-0.180126 -0.749996
-0.825734 -0.914636
0.299833 -0.978983
-0.048533 -1.918225
-0.193391 -1.914992
-0.119362 -1.958155
-0.541147 -1.853542
-0.146495 -1.996738
-0.118183 -1.937892
-0.164831 -1.970368
-0.135046 -2.019526
-0.190186 -1.960651
-0.263960 -1.821044
-0.174532 -2.073412
-0.186042 -2.017244
-0.268311 -2.230237
-0.219002 -1.981452
-0.048033 -2.099718
-0.310871 -1.799935
-0.204000 -1.948535
-0.152090 -2.085113
0.067254 -2.144049
0.097831 -2.098403
0.090439 -2.090405
-0.111232 -1.909526
-0.113073 -1.999636
-0.170554 -2.058313
-0.214094 -1.879687
-0.187813 -1.924574
-0.233635 -2.095887
0.132338 -2.089597
-0.140343 -1.983720
-0.120548 -1.903975
-0.164984 -2.011247
-0.164306 -1.981556
0.092319 -1.924749
-0.579568 -1.848030
